T_K	P_MPa	Liq_D_kg_m3	Vap_D_kg_m3	Liq_h_kJ_kg	Vap_h_kJ_kg	Liq_s_kJ_kgK	Vap_s_kJ_kgK	Liq_Cp	Vap_Cp	Liq_Cv	Vap_Cv	Liq_CpCv	Vap_CpCv	Liq_k_mW_mK	Vap_k_mW_mK	Liq_vis_uPa_s	Vap_vis_uPa_s	Liq_Pr	Vap_Pr
220.00	0.000787	1605.2823	0.08625314	134.52467	304.20495	0.73342479	1.5046988	1.2461652	0.80966429	0.94611919	0.76756619	1.3171334	1.0548462	82.418442	5.3450293	1521.8325	8.0561987	23.010078	1.2203519
220.50	0.000821	1604.0528	0.089766352	135.14763	304.60666	0.73625313	1.5047748	1.2456256	0.81013457	0.94582802	0.76801877	1.3169684	1.0548369	82.307033	5.3827558	1505.8362	8.0746505	22.789159	1.2152796
221.00	0.000856	1602.8231	0.093400613	135.77033	305.0085	0.73907384	1.5048575	1.2450947	0.8106086	0.94554328	0.76847466	1.3168035	1.054828	82.195549	5.4205424	1490.075	8.093101	22.571593	1.2102732
221.50	0.000893	1601.593	0.097159258	136.39276	305.41049	0.74188699	1.5049467	1.2445724	0.81108639	0.94526491	0.76893386	1.3166387	1.0548195	82.083991	5.458389	1474.5447	8.11155	22.357315	1.2053314
222.00	0.000930	1600.3627	0.10104569	137.01493	305.81262	0.74469262	1.5050426	1.2440588	0.81156796	0.94499289	0.76939636	1.3164742	1.0548113	81.972361	5.4962951	1459.2408	8.1299974	22.146261	1.2004533
222.50	0.000969	1599.1322	0.10506338	137.63685	306.2149	0.7474908	1.5051449	1.2435537	0.81205333	0.94472716	0.76986219	1.3163098	1.0548035	81.860662	5.5342604	1444.1592	8.148443	21.93837	1.1956377
223.00	0.001010	1597.9013	0.10921587	138.25852	306.61731	0.75028157	1.5052537	1.2430571	0.8125425	0.94446769	0.77033134	1.3161457	1.0547961	81.748895	5.5722847	1429.2958	8.1668866	21.733581	1.1908836
223.50	0.001052	1596.6701	0.11350675	138.87994	307.01987	0.75306499	1.5053689	1.2425689	0.81303549	0.94421444	0.77080382	1.3159817	1.0547891	81.637064	5.6103674	1414.6466	8.1853283	21.531835	1.1861901
224.00	0.001095	1595.4386	0.11793969	139.50112	307.42256	0.7558411	1.5054904	1.2420891	0.81353231	0.94396736	0.77127963	1.3158179	1.0547826	81.525169	5.6485084	1400.2075	8.2037677	21.333075	1.1815562
224.50	0.001140	1594.2068	0.12251845	140.12207	307.8254	0.75860996	1.5056181	1.2416177	0.81403297	0.94372642	0.77175879	1.3156543	1.0547764	81.413214	5.6867073	1385.9748	8.2222047	21.137242	1.1769809
225.00	0.001187	1592.9747	0.12724681	140.74278	308.22838	0.76137162	1.5057521	1.2411546	0.8145375	0.94349158	0.77224129	1.3154909	1.0547707	81.3012	5.7249638	1371.9446	8.2406393	20.944283	1.1724633
225.50	0.001235	1591.7423	0.13212867	141.36326	308.6315	0.76412612	1.5058921	1.2406997	0.81504589	0.9432628	0.77272714	1.3153277	1.0547654	81.18913	5.7632775	1358.1133	8.2590712	20.754143	1.1680024
226.00	0.001285	1590.5095	0.13716797	141.98352	309.03476	0.76687353	1.5060383	1.240253	0.81555817	0.94304006	0.77321635	1.3151647	1.0547606	81.077005	5.8016481	1344.4774	8.2775003	20.56677	1.1635975
226.50	0.001337	1589.2763	0.14236873	142.60356	309.43816	0.76961389	1.5061905	1.2398145	0.81607434	0.9428233	0.77370892	1.3150019	1.0547563	80.964828	5.8400753	1331.0331	8.2959265	20.382111	1.1592475
227.00	0.001390	1588.0428	0.14773504	143.22338	309.8417	0.77234724	1.5063486	1.239384	0.81659442	0.94261249	0.77420485	1.3148394	1.0547524	80.8526	5.8785588	1317.7772	8.3143496	20.200117	1.1549517
227.50	0.001445	1586.8089	0.15327106	143.84299	310.24537	0.77507364	1.5065127	1.2389616	0.81711843	0.94240761	0.77470416	1.314677	1.054749	80.740325	5.9170982	1304.7061	8.3327695	20.020737	1.1507092
228.00	0.001502	1585.5747	0.15898102	144.46239	310.64919	0.77779313	1.5066826	1.2385472	0.81764636	0.94220862	0.77520684	1.3145149	1.0547461	80.628003	5.9556932	1291.8167	8.351186	19.843924	1.1465192
228.50	0.001561	1584.3401	0.16486924	145.08158	311.05315	0.78050577	1.5068584	1.2381408	0.81817825	0.94201548	0.77571291	1.3143529	1.0547436	80.515638	5.9943435	1279.1056	8.3695991	19.669631	1.142381
229.00	0.001622	1583.1051	0.17094009	145.70058	311.45725	0.78321159	1.5070398	1.2377423	0.81871409	0.94182816	0.77622235	1.3141912	1.0547417	80.40323	6.0330488	1266.5697	8.3880085	19.49781	1.1382936
229.50	0.001685	1581.8697	0.17719802	146.31938	311.86148	0.78591065	1.507227	1.2373517	0.81925391	0.94164664	0.77673519	1.3140298	1.0547403	80.290782	6.0718087	1254.2059	8.4064141	19.328418	1.1342564
230.00	0.001750	1580.6338	0.18364757	146.93798	312.26585	0.78860299	1.5074198	1.2369689	0.81979771	0.94147087	0.77725142	1.3138685	1.0547394	80.178296	6.1106229	1242.0111	8.4248158	19.161409	1.1302685
230.50	0.001817	1579.3976	0.19029334	147.5564	312.67037	0.79128866	1.5076182	1.236594	0.8203455	0.94130083	0.77777105	1.3137075	1.0547391	80.065775	6.1494911	1229.9824	8.4432135	18.996741	1.1263293
231.00	0.001886	1578.1609	0.19714001	148.17463	313.07501	0.7939677	1.5078222	1.2362268	0.8208973	0.94113649	0.77829408	1.3135467	1.0547392	79.953219	6.188413	1218.1168	8.4616071	18.834372	1.1224381
231.50	0.001957	1576.9239	0.20419232	148.79269	313.4798	0.79664016	1.5080316	1.2358673	0.82145312	0.94097781	0.77882051	1.3133862	1.05474	79.840631	6.2273883	1206.4116	8.4799963	18.674259	1.118594
232.00	0.002031	1575.6863	0.21145512	149.41056	313.88472	0.79930609	1.5082464	1.2355155	0.82201297	0.94082477	0.77935036	1.3132259	1.0547412	79.728013	6.2664165	1194.8638	8.4983811	18.516362	1.1147965
232.50	0.002107	1574.4484	0.2189333	150.02826	314.28978	0.80196553	1.5084667	1.2351713	0.82257686	0.94067734	0.77988361	1.3130659	1.0547431	79.615367	6.3054975	1183.4708	8.5167614	18.360642	1.1110449
233.00	0.002186	1573.2099	0.22663186	150.6458	314.69498	0.80461852	1.5086923	1.2348348	0.8231448	0.94053549	0.78042029	1.3129061	1.0547455	79.502694	6.3446309	1172.2299	8.535137	18.20706	1.1073384
233.50	0.002267	1571.971	0.23455585	151.26316	315.10031	0.8072651	1.5089231	1.2345058	0.82371681	0.94039919	0.78096038	1.3127466	1.0547485	79.389998	6.3838164	1161.1385	8.5535078	18.055577	1.1036765
234.00	0.002351	1570.7317	0.24271042	151.88037	315.50578	0.80990533	1.5091592	1.2341844	0.82429289	0.94026841	0.78150389	1.3125873	1.0547521	79.277278	6.4230536	1150.194	8.5718737	17.906158	1.1000585
234.50	0.002437	1569.4918	0.25110077	152.49742	315.91138	0.81253924	1.5094005	1.2338705	0.82487306	0.94014313	0.78205083	1.3124283	1.0547563	79.164539	6.4623423	1139.3938	8.5902345	17.758764	1.0964837
235.00	0.002526	1568.2515	0.25973222	153.11431	316.31712	0.81516687	1.5096469	1.233564	0.82545733	0.94002332	0.78260119	1.3122696	1.0547611	79.05178	6.5016821	1128.7356	8.6085902	17.613362	1.0929516
235.50	0.002617	1567.0106	0.26861013	153.73106	316.72299	0.81778828	1.5098984	1.233265	0.8260457	0.93990895	0.78315499	1.3121111	1.0547666	78.939005	6.5410727	1118.2169	8.6269406	17.469915	1.0894615
236.00	0.002712	1565.7693	0.27773995	154.34765	317.12899	0.82040349	1.5101549	1.2329734	0.82663819	0.93979999	0.78371222	1.311953	1.0547726	78.826215	6.5805139	1107.8353	8.6452857	17.32839	1.086013
236.50	0.002809	1564.5275	0.28712723	154.96411	317.53513	0.82301256	1.5104165	1.2326892	0.82723481	0.93969643	0.78427289	1.3117951	1.0547793	78.713412	6.6200052	1097.5885	8.6636253	17.188754	1.0826053
237.00	0.002909	1563.2851	0.29677758	155.58042	317.9414	0.82561552	1.5106829	1.2324123	0.82783557	0.93959823	0.78483699	1.3116375	1.0547866	78.600598	6.6595464	1087.4742	8.6819593	17.050972	1.0792379
237.50	0.003012	1562.0422	0.30669669	156.1966	318.3478	0.82821242	1.5109543	1.2321427	0.82844047	0.93950537	0.78540453	1.3114802	1.0547946	78.487774	6.6991372	1077.4903	8.7002876	16.915015	1.0759102
238.00	0.003119	1560.7988	0.31689035	156.81265	318.75434	0.83080329	1.5112306	1.2318804	0.82904953	0.93941782	0.78597551	1.3113233	1.0548033	78.374942	6.7387772	1067.6345	8.7186101	16.780849	1.0726218
238.50	0.003228	1559.5548	0.3273644	157.42857	319.16101	0.83338818	1.5115116	1.2316254	0.82966276	0.93933556	0.78654994	1.3111666	1.0548126	78.262105	6.7784662	1057.9047	8.7369268	16.648445	1.0693721
239.00	0.003341	1558.3102	0.33812479	158.04436	319.5678	0.83596713	1.5117974	1.2313776	0.83028016	0.93925856	0.78712781	1.3110103	1.0548226	78.149264	6.8182038	1048.2989	8.7552375	16.517772	1.0661606
239.50	0.003457	1557.0651	0.34917755	158.66004	319.97473	0.83854017	1.512088	1.231137	0.83090175	0.93918681	0.78770912	1.3108542	1.0548332	78.03642	6.8579898	1038.8148	8.7735421	16.388801	1.0629866
240.00	0.003576	1555.8195	0.36052877	159.27559	320.38179	0.84110735	1.5123832	1.2309036	0.83152754	0.93912026	0.78829388	1.3106986	1.0548446	77.923576	6.8978238	1029.4506	8.7918406	16.261503	1.0598499
240.50	0.003699	1554.5732	0.37218464	159.89104	320.78898	0.8436687	1.512683	1.2306773	0.83215752	0.93905891	0.78888209	1.3105432	1.0548567	77.810734	6.9377055	1020.2043	8.8101328	16.135849	1.0567497
241.00	0.003825	1553.3264	0.38415144	160.50637	321.1963	0.84622426	1.5129874	1.2304581	0.83279172	0.93900273	0.78947374	1.3103882	1.0548694	77.697894	6.9776346	1011.0739	8.8284188	16.011813	1.0536857
241.50	0.003955	1552.079	0.39643551	161.1216	321.60375	0.84877408	1.5132964	1.2302461	0.83343014	0.93895169	0.79006885	1.3102336	1.0548829	77.585059	7.0176109	1002.0576	8.8466983	15.889365	1.0506574
242.00	0.004088	1550.831	0.40904329	161.73672	322.01132	0.85131819	1.5136099	1.2300411	0.83407278	0.93890576	0.7906674	1.3100793	1.0548971	77.47223	7.057634	993.15338	8.8649715	15.768482	1.0476643
242.50	0.004226	1549.5823	0.4219813	162.35175	322.41902	0.85385663	1.5139279	1.2298431	0.83471966	0.93886494	0.7912694	1.3099255	1.0549121	77.35941	7.0977036	984.35957	8.8832381	15.649135	1.044706
243.00	0.004367	1548.3331	0.43525615	162.96668	322.82685	0.85638943	1.5142502	1.2296521	0.83537079	0.93882919	0.79187485	1.309772	1.0549278	77.246599	7.1378194	975.67433	8.9014981	15.531299	1.041782
243.50	0.004512	1547.0832	0.44887452	163.58151	323.23481	0.85891664	1.514577	1.2294682	0.83602616	0.93879849	0.79248375	1.3096188	1.0549442	77.1338	7.1779811	967.09592	8.9197515	15.41495	1.0388918
244.00	0.004662	1545.8327	0.46284319	164.19626	323.6429	0.86143828	1.5149081	1.2292912	0.8366858	0.93877281	0.79309609	1.3094661	1.0549614	77.021014	7.2181885	958.62261	8.9379982	15.300063	1.036035
244.50	0.004815	1544.5815	0.47716901	164.81092	324.0511	0.86395441	1.5152435	1.2291212	0.8373497	0.93875214	0.79371188	1.3093138	1.0549794	76.908243	7.2584411	950.25272	8.9562382	15.186613	1.0332113
245.00	0.004972	1543.3297	0.49185893	165.42551	324.45944	0.86646505	1.5155831	1.2289581	0.83801787	0.93873646	0.79433112	1.309162	1.0549982	76.795488	7.2987389	941.98461	8.9744714	15.074578	1.0304201
245.50	0.005134	1542.0773	0.50691997	166.04001	324.8679	0.86897024	1.515927	1.2288019	0.83869032	0.93872573	0.7949538	1.3090105	1.0550177	76.682752	7.3390813	933.81665	8.9926977	14.963934	1.0276611
246.00	0.005301	1540.8242	0.52235925	166.65444	325.27648	0.87147002	1.5162751	1.2286525	0.83936706	0.93871994	0.79557992	1.3088595	1.055038	76.570035	7.3794682	925.74725	9.0109173	14.854658	1.0249339
246.50	0.005471	1539.5704	0.53818397	167.26879	325.68519	0.87396442	1.5166273	1.2285101	0.84004809	0.93871906	0.79620948	1.308709	1.0550591	76.45734	7.4198992	917.77486	9.0291299	14.746729	1.022238
247.00	0.005647	1538.3159	0.55440141	167.88308	326.09401	0.87645348	1.5169836	1.2283745	0.84073341	0.93872308	0.79684248	1.3085589	1.0550811	76.344668	7.4603742	909.89794	9.0473357	14.640124	1.0195732
247.50	0.005827	1537.0607	0.57101895	168.49731	326.50297	0.87893723	1.5173439	1.2282456	0.84142304	0.93873196	0.79747892	1.3084093	1.0551038	76.23202	7.5008927	902.11501	9.0655345	14.534822	1.0169389
248.00	0.006011	1535.8048	0.58804405	169.11147	326.91204	0.88141571	1.5177083	1.2281236	0.84211698	0.93874569	0.79811879	1.3082602	1.0551274	76.119398	7.5414545	894.42459	9.0837264	14.430802	1.0143349
248.50	0.006201	1534.5482	0.60548423	169.72558	327.32124	0.88388896	1.5180767	1.2280084	0.84281523	0.93876425	0.7987621	1.3081116	1.0551518	76.006804	7.5820593	886.82523	9.1019113	14.328044	1.0117607
249.00	0.006395	1533.2909	0.62334715	170.33963	327.73055	0.886357	1.5184491	1.2278999	0.8435178	0.93878762	0.79940883	1.3079635	1.055177	75.89424	7.6227068	879.31552	9.1200893	14.226527	1.009216
249.50	0.006595	1532.0329	0.64164052	170.95363	328.13999	0.88881987	1.5188253	1.2277982	0.84422469	0.93881576	0.80005899	1.3078159	1.0552031	75.781706	7.6633967	871.89408	9.1382604	14.126232	1.0067005
250.00	0.006800	1530.7741	0.66037214	171.56758	328.54954	0.89127761	1.5192055	1.2277032	0.84493592	0.93884866	0.80071257	1.3076689	1.05523	75.669204	7.7041289	864.55954	9.1564246	14.02714	1.0042137
250.50	0.007010	1529.5146	0.6795499	172.18149	328.95922	0.89373025	1.5195894	1.2276149	0.84565147	0.9388863	0.80136957	1.3075224	1.0552578	75.556736	7.7449029	857.31057	9.1745818	13.929231	1.0017554
251.00	0.007225	1528.2544	0.69918179	172.79536	329.36901	0.89617782	1.5199772	1.2275332	0.84637136	0.93892866	0.80202999	1.3073765	1.0552864	75.444304	7.7857185	850.14585	9.1927322	13.832486	0.99932527
251.50	0.007446	1526.9934	0.71927588	173.40919	329.77892	0.89862036	1.5203688	1.2274583	0.84709559	0.93897571	0.80269381	1.3072311	1.055316	75.331908	7.8265754	843.06409	9.2108757	13.736888	0.99692289
252.00	0.007673	1525.7316	0.73984031	174.02299	330.18895	0.9010579	1.5207641	1.22739	0.84782417	0.93902743	0.80336104	1.3070864	1.0553464	75.219551	7.8674734	836.06404	9.2290123	13.642419	0.99454797
252.50	0.007905	1524.4691	0.76088334	174.63676	330.5991	0.90349047	1.5211631	1.2273283	0.8485571	0.9390838	0.80403168	1.3069422	1.0553777	75.107234	7.9084122	829.14444	9.2471422	13.54906	0.9922002
253.00	0.008143	1523.2057	0.78241329	175.2505	331.00936	0.9059181	1.5215658	1.2272732	0.84929437	0.9391448	0.80470571	1.3067987	1.0554099	74.994958	7.9493915	822.3041	9.2652654	13.456795	0.98987925
253.50	0.008387	1521.9416	0.8044386	175.86422	331.41974	0.90834083	1.5219721	1.2272247	0.850036	0.93921041	0.80538313	1.3066558	1.055443	74.882724	7.9904111	815.5418	9.2833819	13.365607	0.98758484
254.00	0.008637	1520.6767	0.82696775	176.47792	331.83023	0.9107587	1.522382	1.2271829	0.85078198	0.9392806	0.80606394	1.3065136	1.055477	74.770535	8.0314706	808.85638	9.3014918	13.275479	0.98531665
254.50	0.008893	1519.4109	0.85000937	177.09159	332.24084	0.91317172	1.5227955	1.2271475	0.85153233	0.93935535	0.80674813	1.306372	1.055512	74.658392	8.0725698	802.24669	9.3195952	13.186395	0.98307438
255.00	0.009156	1518.1444	0.87357212	177.70526	332.65156	0.91557994	1.5232125	1.2271188	0.85228703	0.93943464	0.8074357	1.3062311	1.0555479	74.546295	8.1137085	795.7116	9.3376921	13.098339	0.98085775
255.50	0.009424	1516.877	0.89766479	178.31892	333.06239	0.91798338	1.523633	1.2270965	0.8530461	0.93951845	0.80812664	1.3060909	1.0555847	74.434247	8.1548864	789.25	9.3557827	13.011295	0.97866648
256.00	0.009700	1515.6088	0.92229624	178.93256	333.47334	0.92038207	1.524057	1.2270808	0.85380953	0.93960676	0.80882093	1.3059514	1.0556224	74.322249	8.1961032	782.86079	9.373867	12.925247	0.97650027
256.50	0.009981	1514.3397	0.94747543	179.54621	333.88439	0.92277606	1.5244844	1.2270716	0.85457733	0.93969954	0.80951859	1.3058127	1.0556612	74.210301	8.2373587	776.54292	9.3919451	12.840181	0.97435886
257.00	0.010270	1513.0698	0.97321139	180.15985	334.29557	0.92516536	1.5249152	1.2270688	0.8553495	0.93979677	0.81021959	1.3056747	1.0557008	74.098407	8.2786526	770.29532	9.4100172	12.756082	0.97224197
257.50	0.010566	1511.7991	0.99951327	180.7735	334.70685	0.92755	1.5253494	1.2270725	0.85612603	0.93989843	0.81092394	1.3055374	1.0557415	73.986566	8.3199846	764.11697	9.4280833	12.672935	0.97014933
258.00	0.010868	1510.5274	1.0263903	181.38715	335.11824	0.92993003	1.525787	1.2270827	0.85690693	0.9400045	0.81163162	1.3054009	1.0557831	73.874781	8.3613546	758.00686	9.4461436	12.590726	0.96808069
258.50	0.011178	1509.2549	1.0538517	182.00081	335.52974	0.93230547	1.5262278	1.2270994	0.85769221	0.94011496	0.81234263	1.3052652	1.0558257	73.763052	8.4027622	751.96399	9.4641983	12.509441	0.9660358
259.00	0.011494	1507.9815	1.081907	182.61448	335.94135	0.93467634	1.526672	1.2271224	0.85848185	0.94022978	0.81305696	1.3051304	1.0558693	73.651381	8.4442073	745.98739	9.4822474	12.429066	0.96401438
259.50	0.011819	1506.7072	1.1105657	183.22817	336.35307	0.93704268	1.5271193	1.2271519	0.85927586	0.94034894	0.81377459	1.3049963	1.0559138	73.539769	8.4856895	740.07609	9.5002911	12.349587	0.96201621
260.00	0.012150	1505.432	1.1398373	183.84188	336.76489	0.93940452	1.52757	1.2271878	0.86007425	0.94047242	0.81449554	1.3048632	1.0559594	73.428218	8.5272086	734.22915	9.5183297	12.270992	0.96004103
260.50	0.012490	1504.1558	1.1697314	184.45561	337.17683	0.94176189	1.5280238	1.2272301	0.860877	0.9406002	0.81521977	1.3047308	1.056006	73.316729	8.5687645	728.44565	9.5363631	12.193267	0.95808861
261.00	0.012837	1502.8788	1.200258	185.06937	337.58887	0.94411481	1.5284807	1.2272787	0.86168412	0.94073225	0.8159473	1.3045994	1.0560537	73.205302	8.6103568	722.72469	9.5543918	12.116399	0.95615872
261.50	0.013192	1501.6008	1.2314267	185.68315	338.00101	0.94646332	1.5289408	1.2273337	0.86249561	0.94086855	0.81667809	1.3044689	1.0561023	73.09394	8.6519853	717.06536	9.5724157	12.040376	0.95425111
262.00	0.013555	1500.3219	1.2632476	186.29696	338.41326	0.94880744	1.529404	1.2273951	0.86331147	0.94100909	0.81741216	1.3043392	1.056152	72.982644	8.6936498	711.46679	9.5904352	11.965185	0.95236557
262.50	0.013926	1499.042	1.2957307	186.91082	338.82562	0.95114721	1.5298703	1.2274628	0.8641317	0.94115383	0.81814948	1.3042106	1.0562027	72.871415	8.73535	705.92812	9.6084505	11.890815	0.95050188
263.00	0.014305	1497.7612	1.3288862	187.5247	339.23808	0.95348265	1.5303396	1.2275368	0.86495629	0.94130276	0.81889005	1.3040829	1.0562545	72.760254	8.7770858	700.44849	9.6264616	11.817253	0.94865981
263.50	0.014693	1496.4794	1.3627241	188.13864	339.65064	0.95581378	1.5308119	1.2276171	0.86578524	0.94145585	0.81963386	1.3039561	1.0563073	72.649162	8.8188569	695.02709	9.644469	11.744487	0.94683915
264.00	0.015089	1495.1966	1.397255	188.75261	340.06331	0.95814064	1.5312872	1.2277037	0.86661855	0.94161309	0.82038089	1.3038304	1.0563612	72.53814	8.860663	689.66309	9.6624728	11.672507	0.94503969
264.50	0.015495	1493.9128	1.4324891	189.36663	340.47607	0.96046326	1.5317655	1.2277967	0.86745623	0.94177444	0.82113114	1.3037057	1.0564162	72.42719	8.9025041	684.35569	9.6804733	11.601301	0.94326123
265.00	0.015909	1492.628	1.4684369	189.98071	340.88894	0.96278166	1.5322467	1.2278959	0.86829826	0.94193988	0.8218846	1.303582	1.0564722	72.316313	8.9443797	679.10409	9.6984708	11.530857	0.94150356
265.50	0.016332	1491.3422	1.5051091	190.59483	341.30191	0.96509587	1.5327308	1.2280013	0.86914465	0.9421094	0.82264125	1.3034593	1.0565294	72.205511	8.9862898	673.90753	9.7164654	11.461166	0.93976648
266.00	0.016764	1490.0554	1.5425163	191.20902	341.71498	0.96740592	1.5332178	1.228113	0.86999539	0.94228297	0.82340108	1.3033378	1.0565876	72.094783	9.0282341	668.76524	9.7344576	11.392215	0.9380498
266.50	0.017205	1488.7676	1.5806692	191.82327	342.12815	0.96971184	1.5337077	1.228231	0.87085048	0.94246057	0.82416408	1.3032173	1.056647	71.984132	9.0702124	663.67647	9.7524475	11.323996	0.93635332
267.00	0.017656	1487.4787	1.6195788	192.43757	342.54142	0.97201364	1.5342003	1.2283551	0.87170992	0.94264217	0.82493024	1.303098	1.0567074	71.873558	9.1122246	658.64049	9.7704355	11.256496	0.93467687
267.50	0.018117	1486.1888	1.6592561	193.05195	342.95479	0.97431136	1.5346958	1.2284855	0.8725737	0.94282776	0.82569955	1.3029798	1.056769	71.763063	9.1542703	653.65657	9.788422	11.189707	0.93302025
268.00	0.018587	1484.8978	1.6997119	193.6664	343.36825	0.97660503	1.535194	1.2286221	0.87344182	0.9430173	0.826472	1.3028628	1.0568317	71.652648	9.1963494	648.724	9.8064072	11.123618	0.93138328
268.50	0.019068	1483.6058	1.7409576	194.28091	343.78181	0.97889467	1.535695	1.2287649	0.87431428	0.94321078	0.82724757	1.3027469	1.0568956	71.542313	9.2384617	643.84207	9.8243914	11.058219	0.92976579
269.00	0.019558	1482.3127	1.7830042	194.89551	344.19547	0.9811803	1.5361987	1.2289139	0.87519107	0.94340818	0.82802624	1.3026322	1.0569605	71.432061	9.2806071	639.01011	9.8423751	10.993501	0.9281676
269.50	0.020058	1481.0185	1.8258633	195.51018	344.60922	0.98346196	1.5367051	1.2290691	0.87607219	0.94360947	0.82880801	1.3025188	1.0570267	71.321892	9.3227852	634.22744	9.8603586	10.929454	0.92658854
270.00	0.020569	1479.7232	1.869546	196.12494	345.02307	0.98573967	1.5372142	1.2292304	0.87695764	0.94381462	0.82959287	1.3024066	1.057094	71.211806	9.364996	629.49338	9.8783422	10.866069	0.92502844
270.50	0.021091	1478.4268	1.9140641	196.73978	345.43701	0.98801345	1.5377259	1.2293979	0.87784741	0.94402362	0.8303808	1.3022957	1.0571625	71.101806	9.4072393	624.8073	9.8963264	10.803337	0.92348714
271.00	0.021623	1477.1293	1.9594291	197.35471	345.85105	0.99028333	1.5382403	1.2295715	0.8787415	0.94423644	0.83117178	1.302186	1.0572321	70.991892	9.4495148	620.16854	9.9143116	10.741249	0.92196448
271.50	0.022166	1475.8306	2.0056527	197.96974	346.26517	0.99254934	1.5387572	1.2297513	0.8796399	0.94445307	0.8319658	1.3020777	1.057303	70.882066	9.4918224	615.57647	9.9322981	10.679795	0.9204603
272.00	0.022720	1474.5308	2.0527466	198.58485	346.67939	0.9948115	1.5392767	1.2299372	0.88054261	0.94467347	0.83276285	1.3019707	1.057375	70.772327	9.5341619	611.03048	9.9502864	10.618968	0.91897445
272.50	0.023285	1473.2299	2.1007229	199.20007	347.0937	0.99706984	1.5397988	1.2301292	0.88144963	0.94489762	0.83356292	1.301865	1.0574482	70.662678	9.5765332	606.52994	9.968277	10.558759	0.91750677
273.00	0.023862	1471.9278	2.1495934	199.81538	347.50811	0.99932438	1.5403234	1.2303273	0.88236095	0.94512551	0.83436598	1.3017608	1.0575227	70.553119	9.6189361	602.07427	9.9862702	10.499159	0.91605711
273.50	0.024450	1470.6246	2.1993703	200.43081	347.9226	1.0015751	1.5408504	1.2305315	0.88327656	0.9453571	0.83517203	1.3016579	1.0575983	70.443652	9.6613704	597.66286	10.004267	10.44016	0.91462534
274.00	0.025050	1469.3201	2.2500657	201.04633	348.33718	1.0038222	1.54138	1.2307418	0.88419646	0.94559238	0.83598105	1.3015564	1.0576752	70.334277	9.703836	593.29514	10.022267	10.381754	0.9132113
274.50	0.025661	1468.0145	2.3016919	201.66197	348.75185	1.0060654	1.541912	1.2309582	0.88512065	0.94583133	0.83679302	1.3014564	1.0577534	70.224995	9.7463327	588.97054	10.040271	10.323933	0.91181486
275.00	0.026285	1466.7077	2.3542613	202.27772	349.1666	1.008305	1.5424464	1.2311807	0.88604912	0.94607391	0.83760793	1.3013578	1.0578328	70.115807	9.7888603	584.68849	10.058279	10.266689	0.91043588
275.50	0.026921	1465.3996	2.4077864	202.89359	349.58145	1.0105409	1.5429833	1.2314092	0.88698187	0.94632011	0.83842577	1.3012608	1.0579134	70.006714	9.8314188	580.44844	10.076293	10.210014	0.90907423
276.00	0.027569	1464.0903	2.4622797	203.50958	349.99638	1.0127732	1.5435225	1.2316438	0.88791888	0.9465699	0.83924651	1.3011652	1.0579953	69.897717	9.8740079	576.24984	10.094313	10.153902	0.90772978
276.50	0.028230	1462.7798	2.5177538	204.12569	350.41139	1.0150018	1.544064	1.2318844	0.88886017	0.94682327	0.84007014	1.3010712	1.0580785	69.788818	9.9166276	572.09217	10.112339	10.098343	0.9064024
277.00	0.028904	1461.4681	2.5742216	204.74192	350.82649	1.0172268	1.544608	1.2321311	0.88980571	0.94708018	0.84089665	1.3009787	1.058163	69.680016	9.9592776	567.97489	10.130371	10.043332	0.90509196
277.50	0.029590	1460.1551	2.6316958	205.35829	351.24168	1.0194483	1.5451542	1.2323838	0.89075551	0.94734062	0.84172602	1.3008878	1.0582488	69.571313	10.001958	563.89748	10.148411	9.9888604	0.90379834
278.00	0.030290	1458.8408	2.6901896	205.97478	351.65695	1.0216662	1.5457027	1.2326426	0.89170955	0.94760456	0.84255823	1.3007985	1.0583358	69.46271	10.044668	559.85944	10.166459	9.9349216	0.90252143
278.50	0.031002	1457.5253	2.7497158	206.59141	352.0723	1.0238805	1.5462535	1.2329073	0.89266784	0.94787198	0.84339326	1.3007108	1.0584242	69.354387	10.087409	555.86026	10.184515	9.8814827	0.9012611
279.00	0.031729	1456.2085	2.8102876	207.20818	352.48773	1.0260913	1.5468066	1.2331781	0.89363037	0.94814286	0.8442311	1.3006248	1.0585139	69.24636	10.130179	551.89944	10.202581	9.8285354	0.90001725
279.50	0.032469	1454.8903	2.8719184	207.82509	352.90324	1.0282987	1.5473618	1.2334549	0.89459713	0.94841717	0.84507174	1.3005404	1.058605	69.138441	10.17298	547.97652	10.220656	9.7760997	0.89878975
280.00	0.033222	1453.5709	2.9346214	208.44214	353.31883	1.0305026	1.5479193	1.2337376	0.89556813	0.94869489	0.84591515	1.3004577	1.0586973	69.030631	10.215809	544.09099	10.238742	9.7241691	0.89757851
280.50	0.033990	1452.2501	2.9984101	209.05934	353.7345	1.032703	1.548479	1.2340264	0.89654334	0.94897601	0.84676132	1.3003768	1.0587911	68.92293	10.258669	540.24241	10.256839	9.672737	0.89638342
281.00	0.034772	1450.928	3.063298	209.67669	354.15025	1.0349	1.5490408	1.2343211	0.89752277	0.94926049	0.84761022	1.3002976	1.0588862	68.81534	10.301558	536.43029	10.274948	9.621797	0.89520436
281.50	0.035569	1449.6045	3.1292989	210.29419	354.56608	1.0370936	1.5496048	1.2346218	0.89850641	0.94954831	0.84846185	1.3002201	1.0589827	68.707862	10.344476	532.65418	10.293069	9.5713426	0.89404125
282.00	0.036380	1448.2797	3.1964265	210.91185	354.98198	1.0392838	1.5501708	1.2349285	0.89949426	0.94983946	0.84931618	1.3001445	1.0590806	68.600496	10.387424	528.91365	10.311203	9.5213678	0.89289399
282.50	0.037205	1446.9535	3.2646945	211.52967	355.39796	1.0414707	1.550739	1.2352412	0.9004863	0.9501339	0.8501732	1.3000706	1.0591798	68.493243	10.430401	525.20823	10.329352	9.4718664	0.89176247
283.00	0.038046	1445.6259	3.3341171	212.14765	355.81402	1.0436543	1.5513093	1.2355598	0.90148254	0.95043162	0.85103289	1.2999986	1.0592805	68.386104	10.473407	521.53751	10.347515	9.4228323	0.8906466
283.50	0.038902	1444.297	3.4047082	212.76579	356.23015	1.0458345	1.5518816	1.2358844	0.90248298	0.9507326	0.85189523	1.2999285	1.0593826	68.27908	10.516442	517.90105	10.365693	9.3742596	0.8895463
284.00	0.039773	1442.9666	3.476482	213.3841	356.64635	1.0480115	1.552456	1.2362149	0.90348759	0.9510368	0.8527602	1.2998602	1.0594861	68.172172	10.559506	514.29843	10.383888	9.3261425	0.88846148
284.50	0.040660	1441.6348	3.5494528	214.00258	357.06263	1.0501851	1.5530324	1.2365514	0.90449639	0.95134422	0.85362778	1.2997939	1.0595911	68.065381	10.602599	510.72923	10.4021	9.2784751	0.88739205
285.00	0.041562	1440.3016	3.6236349	214.62124	357.47897	1.0523556	1.5536108	1.2368938	0.90550936	0.95165482	0.85449796	1.2997295	1.0596975	67.958706	10.64572	507.19305	10.420329	9.231252	0.88633792
285.50	0.042481	1438.9669	3.6990429	215.24007	357.89539	1.0545228	1.5541911	1.2372422	0.9065265	0.95196859	0.85537071	1.299667	1.0598054	67.852151	10.688871	503.68949	10.438578	9.1844674	0.88529903
286.00	0.043416	1437.6307	3.7756914	215.85909	358.31188	1.0566868	1.5547734	1.2375964	0.90754781	0.95228551	0.85624602	1.2996065	1.0599148	67.745714	10.732051	500.21814	10.456845	9.1381159	0.88427528
286.50	0.044367	1436.2931	3.853595	216.47828	358.72843	1.0588476	1.5553577	1.2379566	0.90857327	0.95260554	0.85712387	1.299548	1.0600256	67.639396	10.775259	496.77862	10.475133	9.0921922	0.8832666
287.00	0.045334	1434.954	3.9327685	217.09767	359.14505	1.0610052	1.5559439	1.2383228	0.90960289	0.95292867	0.85800424	1.2994916	1.060138	67.5332	10.818496	493.37054	10.493443	9.0466909	0.88227292
287.50	0.046318	1433.6134	4.0132268	217.71724	359.56174	1.0631598	1.556532	1.2386948	0.91063666	0.95325488	0.85888711	1.2994372	1.0602519	67.427125	10.861761	489.99353	10.511774	9.0016067	0.88129417
288.00	0.047320	1432.2713	4.094985	218.337	359.9785	1.0653112	1.5571219	1.2390728	0.91167457	0.95358414	0.85977246	1.2993849	1.0603673	67.321172	10.905055	486.64722	10.530128	8.9569347	0.88033028
288.50	0.048338	1430.9277	4.1780582	218.95696	360.39532	1.0674595	1.5577138	1.2394567	0.91271662	0.95391644	0.86066027	1.2993347	1.0604842	67.215341	10.948378	483.33123	10.548507	8.9126696	0.87938118
289.00	0.049374	1429.5825	4.2624616	219.57711	360.81221	1.0696047	1.5583074	1.2398465	0.91376282	0.95425175	0.86155052	1.2992866	1.0606027	67.109635	10.991729	480.0452	10.56691	8.8688065	0.87844681
289.50	0.050428	1428.2358	4.3482106	220.19747	361.22915	1.0717468	1.5589029	1.2402422	0.91481314	0.95459006	0.86244319	1.2992407	1.0607228	67.004052	11.035109	476.78879	10.585339	8.8253405	0.8775271
290.00	0.051499	1426.8875	4.4353207	220.81803	361.64616	1.0738859	1.5595002	1.2406438	0.9158676	0.95493133	0.86333827	1.2991969	1.0608444	66.898595	11.078518	473.56163	10.603795	8.7822668	0.876622
290.50	0.052588	1425.5377	4.5238074	221.43879	362.06324	1.076022	1.5600993	1.2410513	0.91692618	0.95527555	0.86423573	1.2991554	1.0609677	66.793263	11.121955	470.36339	10.622279	8.7395806	0.87573145
291.00	0.053696	1424.1862	4.6136864	222.05977	362.48037	1.0781551	1.5607001	1.2414648	0.91798888	0.95562269	0.86513556	1.299116	1.0610925	66.688058	11.165421	467.19371	10.640792	8.6972773	0.8748554
291.50	0.054822	1422.8332	4.7049735	222.68096	362.89756	1.0802853	1.5613027	1.2418841	0.9190557	0.95597274	0.86603772	1.299079	1.061219	66.58298	11.208916	464.05228	10.659335	8.6553522	0.87399379
292.00	0.055967	1421.4785	4.7976846	223.30236	363.3148	1.0824124	1.5619071	1.2423093	0.92012663	0.95632568	0.86694222	1.2990442	1.0613471	66.47803	11.252439	460.93875	10.677909	8.6138008	0.87314657
292.50	0.057130	1420.1222	4.8918358	223.92399	363.73211	1.0845366	1.5625131	1.2427404	0.92120168	0.95668148	0.86784901	1.2990117	1.0614769	66.373208	11.295991	457.85281	10.696515	8.5726186	0.87231369
293.00	0.058313	1418.7642	4.9874432	224.54583	364.14947	1.086658	1.5631209	1.2431775	0.92228084	0.95704012	0.8687581	1.2989816	1.0616083	66.268516	11.339571	454.79413	10.715154	8.5318013	0.87149511
293.50	0.059515	1417.4046	5.0845231	225.1679	364.56688	1.0887764	1.5637303	1.2436204	0.9233641	0.95740158	0.86966944	1.2989538	1.0617415	66.163953	11.383181	451.76239	10.733827	8.4913445	0.87069079
294.00	0.060737	1416.0433	5.1830919	225.79019	364.98435	1.0908919	1.5643414	1.2440692	0.92445147	0.95776585	0.87058303	1.2989284	1.0618763	66.059521	11.426819	448.75728	10.752536	8.4512439	0.86990067
294.50	0.061978	1414.6803	5.283166	226.41272	365.40187	1.0930045	1.5649541	1.2445239	0.92554295	0.95813289	0.87149885	1.2989054	1.0620128	65.95522	11.470486	445.77851	10.771281	8.4114954	0.86912473
295.00	0.063239	1413.3156	5.3847622	227.03548	365.81944	1.0951143	1.5655684	1.2449846	0.92663853	0.9585027	0.87241687	1.2988848	1.0621511	65.85105	11.514183	442.82576	10.790064	8.3720948	0.86836292
295.50	0.064521	1411.9492	5.4878972	227.65848	366.23706	1.0972213	1.5661844	1.2454511	0.9277382	0.95887525	0.87333707	1.2988667	1.0622911	65.747013	11.557908	439.89873	10.808886	8.333038	0.86761522
296.00	0.065823	1410.581	5.5925878	228.28171	366.65472	1.0993255	1.5668019	1.2459235	0.92884198	0.95925052	0.87425944	1.298851	1.0624329	65.643109	11.601662	436.99714	10.827748	8.294321	0.86688158
296.50	0.067146	1409.2111	5.698851	228.90519	367.07244	1.1014269	1.567421	1.2464018	0.92994986	0.95962848	0.87518395	1.2988379	1.0625765	65.539339	11.645446	434.1207	10.846652	8.2559399	0.86616197
297.00	0.068490	1407.8395	5.806704	229.52891	367.4902	1.1035255	1.5680417	1.2468861	0.93106183	0.96000913	0.87611058	1.2988273	1.0627218	65.435702	11.689259	431.26911	10.865598	8.2178908	0.86545638
297.50	0.069854	1406.466	5.9161641	230.15288	367.90801	1.1056214	1.5686639	1.2473762	0.9321779	0.96039244	0.87703932	1.2988193	1.062869	65.332201	11.733101	428.4421	10.884588	8.1801698	0.86476476
298.00	0.071241	1405.0908	6.0272485	230.7771	368.32586	1.1077146	1.5692876	1.2478723	0.93329808	0.96077839	0.87797015	1.2988139	1.063018	65.228835	11.776974	425.6394	10.903624	8.1427732	0.8640871
298.50	0.072649	1403.7137	6.1399749	231.40158	368.74376	1.109805	1.5699128	1.2483743	0.93442235	0.96116696	0.87890303	1.298811	1.0631689	65.125604	11.820875	422.86072	10.922705	8.1056973	0.86342338
299.00	0.074078	1402.3348	6.2543608	232.02631	369.16169	1.1118928	1.5705395	1.2488821	0.93555072	0.96155813	0.87983796	1.2988109	1.0633216	65.02251	11.864807	420.10579	10.941835	8.0689383	0.86277357
299.50	0.075530	1400.9541	6.3704241	232.6513	369.57967	1.1139778	1.5711677	1.249396	0.9366832	0.96195189	0.88077492	1.2988133	1.0634762	64.919553	11.908768	417.37436	10.961014	8.0324927	0.86213766
300.00	0.077004	1399.5715	6.4881825	233.27656	369.99768	1.1160602	1.5717973	1.2499157	0.93781977	0.96234821	0.88171387	1.2988185	1.0636328	64.816734	11.95276	414.66617	10.980243	7.996357	0.86151562
300.50	0.078501	1398.187	6.6076543	233.90208	370.41573	1.11814	1.5724284	1.2504413	0.93896046	0.96274707	0.88265481	1.2988264	1.0637912	64.714053	11.996782	411.98094	10.999525	7.9605276	0.86090746
301.00	0.080020	1396.8006	6.7288575	234.52786	370.83381	1.1202171	1.5730608	1.2509729	0.94010525	0.96314846	0.88359772	1.2988371	1.0639517	64.61151	12.040834	409.31843	11.01886	7.925001	0.86031315
301.50	0.081563	1395.4124	6.8518105	235.15393	371.25193	1.1222917	1.5736947	1.2515105	0.94125416	0.96355236	0.88454257	1.2988505	1.064114	64.509106	12.084917	406.67839	11.038249	7.889774	0.85973268
302.00	0.083129	1394.0221	6.9765317	235.78026	371.67009	1.1243636	1.57433	1.252054	0.94240718	0.96395874	0.88548934	1.2988668	1.0642784	64.406843	12.129031	404.06057	11.057695	7.8548431	0.85916605
302.50	0.084718	1392.63	7.1030398	236.40687	372.08827	1.126433	1.5749666	1.2526034	0.94356432	0.9643676	0.88643801	1.2988858	1.0644448	64.304719	12.173175	401.46472	11.077199	7.820205	0.85861326
303.00	0.086331	1391.2359	7.2313533	237.03377	372.50649	1.1284999	1.5756045	1.2531588	0.94472559	0.96477891	0.88738857	1.2989078	1.0646132	64.202736	12.217351	398.89061	11.096762	7.7858564	0.85807429
303.50	0.087968	1389.8398	7.3614914	237.66094	372.92473	1.1305642	1.5762439	1.2537202	0.94589098	0.96519265	0.88834099	1.2989326	1.0647837	64.100894	12.261559	396.338	11.116386	7.7517943	0.85754915
304.00	0.089629	1388.4417	7.4934728	238.2884	373.343	1.1326259	1.5768845	1.2542875	0.94706051	0.96560881	0.88929526	1.2989603	1.0649562	63.999193	12.305798	393.80665	11.136072	7.7180154	0.85703783
304.50	0.091315	1387.0416	7.6273169	238.91616	373.7613	1.1346852	1.5775264	1.2548608	0.94823418	0.96602737	0.89025135	1.298991	1.0651309	63.897635	12.350069	391.29633	11.155822	7.6845166	0.85654035
305.00	0.093026	1385.6395	7.763043	239.5442	374.17962	1.136742	1.5781696	1.2554401	0.949412	0.96644831	0.89120925	1.2990246	1.0653076	63.796219	12.394372	388.80682	11.175638	7.6512948	0.8560567
305.50	0.094761	1384.2353	7.9006704	240.17254	374.59796	1.1387964	1.5788141	1.2560254	0.95059397	0.96687161	0.89216893	1.2990612	1.0654865	63.694947	12.438707	386.33788	11.195521	7.618347	0.8555869
306.00	0.096522	1382.8291	8.040219	240.80118	375.01632	1.1408483	1.5794598	1.2566167	0.9517801	0.96729726	0.89313038	1.2991009	1.0656676	63.593817	12.483075	383.88931	11.215472	7.5856704	0.85513094
306.50	0.098309	1381.4208	8.1817083	241.43012	375.4347	1.1428977	1.5801068	1.2572141	0.95297041	0.96772524	0.89409357	1.2991436	1.0658509	63.492832	12.527476	381.46087	11.235494	7.5532618	0.85468885
307.00	0.100121	1380.0104	8.3251584	242.05936	375.8531	1.1449448	1.580755	1.2578174	0.95416489	0.96815553	0.8950585	1.2991894	1.0660363	63.391991	12.57191	379.05236	11.255589	7.5211184	0.85426063
307.50	0.101959	1378.5978	8.4705893	242.68891	376.27152	1.1469894	1.5814044	1.2584268	0.95536356	0.96858811	0.89602513	1.2992384	1.0662241	63.291295	12.616377	376.66356	11.275756	7.4892374	0.85384629
308.00	0.103823	1377.1831	8.6180214	243.31877	376.68995	1.1490317	1.582055	1.2590423	0.95656643	0.96902298	0.89699345	1.2992904	1.0664141	63.190743	12.660878	374.29426	11.296	7.457616	0.85344587
308.50	0.105714	1375.7663	8.7674749	243.94894	377.10839	1.1510716	1.5827067	1.2596638	0.95777351	0.96946011	0.89796344	1.2993457	1.0666064	63.090338	12.705414	371.94425	11.316321	7.4262514	0.85305937
309.00	0.107632	1374.3473	8.9189706	244.57943	377.52684	1.1531091	1.5833596	1.2602914	0.95898481	0.96989948	0.89893508	1.2994041	1.066801	62.990078	12.749984	369.61334	11.336721	7.3951409	0.85268681
309.50	0.109577	1372.9261	9.0725291	245.21024	377.9453	1.1551443	1.5840137	1.260925	0.96020035	0.97034108	0.89990836	1.2994658	1.0669979	62.889965	12.794588	367.30131	11.357201	7.3642817	0.85232823
310.00	0.111549	1371.5027	9.2281713	245.84137	378.36377	1.1571772	1.5846689	1.2615648	0.96142012	0.9707849	0.90088325	1.2995307	1.0671972	62.789999	12.839228	365.00797	11.377765	7.3336713	0.85198364
310.50	0.113549	1370.077	9.3859184	246.47282	378.78225	1.1592079	1.5853252	1.2622107	0.96264416	0.97123092	0.90185974	1.299599	1.067399	62.690179	12.883903	362.73312	11.398413	7.303307	0.85165306
311.00	0.115576	1368.6491	9.5457915	247.10461	379.20073	1.1612362	1.5859825	1.2628627	0.96387247	0.97167912	0.9028378	1.2996705	1.0676031	62.590508	12.928614	360.47657	11.419147	7.2731862	0.85133654
311.50	0.117632	1367.2189	9.7078122	247.73672	379.61921	1.1632622	1.586641	1.2635209	0.96510507	0.97212949	0.90381742	1.2997454	1.0678098	62.490984	12.973361	358.23812	11.43997	7.2433064	0.8510341
312.00	0.119716	1365.7864	9.872002	248.36917	380.03768	1.1652861	1.5873005	1.2641852	0.96634198	0.97258201	0.90479858	1.2998237	1.0680189	62.391608	13.018145	356.01759	11.460883	7.2136652	0.85074578
312.50	0.121828	1364.3516	10.038383	249.00195	380.45616	1.1673076	1.5879611	1.2648557	0.9675832	0.97303667	0.90578127	1.2999055	1.0682305	62.292381	13.062966	353.8148	11.481888	7.18426	0.8504716
313.00	0.123970	1362.9145	10.206976	249.63508	380.87463	1.169327	1.5886227	1.2655324	0.96882876	0.97349345	0.90676546	1.2999906	1.0684447	62.193303	13.107825	351.62955	11.502987	7.1550884	0.85021161
313.50	0.126140	1361.475	10.377805	250.26854	381.2931	1.1713441	1.5892853	1.2662153	0.97007868	0.97395234	0.90775114	1.3000793	1.0686615	62.094374	13.152721	349.46167	11.524182	7.126148	0.84996584
314.00	0.128340	1360.0331	10.550891	250.90236	381.71156	1.1733591	1.5899489	1.2669044	0.97133297	0.97441333	0.90873828	1.3001715	1.0688809	61.995595	13.197656	347.31097	11.545476	7.0974364	0.84973435
314.50	0.130570	1358.5888	10.726257	251.53652	382.13001	1.1753719	1.5906135	1.2675998	0.97259166	0.97487639	0.90972688	1.3002672	1.0691029	61.896966	13.242629	345.17728	11.566869	7.0689514	0.84951716
315.00	0.132830	1357.1422	10.903926	252.17103	382.54845	1.1773826	1.5912791	1.2683014	0.97385476	0.97534152	0.91071692	1.3003665	1.0693276	61.798487	13.287642	343.06043	11.588365	7.0406906	0.84931433
315.50	0.135120	1355.693	11.08392	252.8059	382.96687	1.1793911	1.5919456	1.2690093	0.97512229	0.9758087	0.91170837	1.3004694	1.069555	61.700158	13.332695	340.96023	11.609966	7.0126517	0.8491259
316.00	0.137441	1354.2414	11.266263	253.44113	383.38527	1.1813974	1.5926131	1.2697236	0.97639429	0.97627792	0.91270123	1.3005759	1.0697852	61.601981	13.377787	338.87653	11.631672	6.9848326	0.84895192
316.50	0.139792	1352.7874	11.450978	254.07672	383.80366	1.1834017	1.5932815	1.2704441	0.97767077	0.97674916	0.91369547	1.3006862	1.0700182	61.503955	13.422921	336.80915	11.653488	6.9572309	0.84879245
317.00	0.142174	1351.3308	11.638088	254.71267	384.22203	1.1854039	1.5939508	1.2711711	0.97895175	0.97722242	0.91469107	1.3008001	1.070254	61.40608	13.468096	334.75793	11.675414	6.9298446	0.84864753
317.50	0.144588	1349.8717	11.827618	255.34899	384.64037	1.187404	1.5946209	1.2719043	0.98023726	0.97769767	0.91568803	1.3009178	1.0704926	61.308357	13.513313	332.72271	11.697453	6.9026718	0.84851723
318.00	0.147033	1348.41	12.019591	255.98568	385.05869	1.189402	1.595292	1.272644	0.98152734	0.97817491	0.91668632	1.3010393	1.0707341	61.210786	13.558573	330.70331	11.719607	6.8757098	0.8484016
318.50	0.149511	1346.9458	12.214031	256.62275	385.47698	1.191398	1.5959639	1.2733901	0.982822	0.97865413	0.91768594	1.3011646	1.0709786	61.113367	13.603875	328.69958	11.741879	6.8489567	0.84830069
319.00	0.152020	1345.4789	12.410963	257.26019	385.89524	1.193392	1.5966367	1.2741427	0.98412127	0.9791353	0.91868685	1.3012938	1.071226	61.016101	13.649221	326.71136	11.76427	6.8224107	0.84821458
319.50	0.154562	1344.0095	12.610411	257.89801	386.31347	1.195384	1.5973103	1.2749017	0.98542518	0.97961842	0.91968906	1.3014269	1.0714765	60.918987	13.694611	324.7385	11.786783	6.7960696	0.84814333
320.00	0.157137	1342.5374	12.812401	258.53621	386.73166	1.1973739	1.5979847	1.2756673	0.98673377	0.98010348	0.92069253	1.3015638	1.07173	60.822027	13.740046	322.78084	11.809421	6.7699314	0.848087
320.50	0.159744	1341.0626	13.016957	259.1748	387.14982	1.1993619	1.5986599	1.2764393	0.98804706	0.98059046	0.92169727	1.3017048	1.0719865	60.72522	13.785527	320.83823	11.832186	6.7439942	0.84804566
321.00	0.162385	1339.5852	13.224104	259.81378	387.56793	1.2013479	1.5993359	1.2772179	0.98936509	0.98107936	0.92270324	1.3018498	1.0722463	60.628567	13.831054	318.91052	11.855079	6.718256	0.84801938
321.50	0.165060	1338.105	13.433868	260.45315	387.98601	1.2033319	1.6000126	1.2780031	0.9906879	0.98157015	0.92371045	1.3019987	1.0725091	60.532067	13.876627	316.99756	11.878104	6.692715	0.84800824
322.00	0.167768	1336.622	13.646275	261.09291	388.40404	1.205314	1.6006902	1.2787949	0.9920155	0.98206284	0.92471886	1.3021518	1.0727752	60.435722	13.922248	315.09921	11.901264	6.6673691	0.8480123
322.50	0.170511	1335.1364	13.861351	261.73308	388.82202	1.2072942	1.6013684	1.2795934	0.99334795	0.98255741	0.92572848	1.302309	1.0730446	60.33953	13.967918	313.21531	11.924559	6.6422167	0.84803165
323.00	0.173288	1333.6479	14.079122	262.37364	389.23995	1.2092724	1.6020474	1.2803985	0.99468529	0.98305384	0.92673927	1.3024704	1.0733173	60.243494	14.013636	311.34573	11.947993	6.6172557	0.84806636
323.50	0.176100	1332.1566	14.299614	263.01461	389.65783	1.2112488	1.6027271	1.2812103	0.99602754	0.98355214	0.92775124	1.3026359	1.0735933	60.147611	14.059404	309.49032	11.971569	6.5924845	0.84811652
324.00	0.178947	1330.6624	14.522855	263.65599	390.07566	1.2132233	1.6034074	1.2820289	0.99737475	0.98405228	0.92876437	1.3028057	1.0738727	60.051884	14.105222	307.64895	11.995289	6.5679012	0.8481822
324.50	0.181829	1329.1654	14.74887	264.29778	390.49342	1.2151959	1.6040885	1.2828543	0.99872696	0.98455426	0.92977864	1.3029797	1.0741556	59.956312	14.151092	305.82147	12.019155	6.5435041	0.8482635
325.00	0.184747	1327.6655	14.977689	264.93998	390.91113	1.2171667	1.6047702	1.2836864	1.0000842	0.98505807	0.93079404	1.3031581	1.074442	59.860895	14.197013	304.00775	12.043171	6.5192914	0.8483605
325.50	0.187701	1326.1627	15.209337	265.5826	391.32878	1.2191356	1.6054526	1.2845254	1.0014466	0.98556369	0.93181056	1.3033409	1.0747319	59.765633	14.242987	302.20765	12.067338	6.4952615	0.8484733
326.00	0.190691	1324.6569	15.443843	266.22564	391.74635	1.2211027	1.6061356	1.2853713	1.002814	0.98607113	0.93282818	1.303528	1.0750254	59.670527	14.289015	300.42104	12.09166	6.4714125	0.84860197
326.50	0.193718	1323.1482	15.681234	266.86911	392.16386	1.223068	1.6068192	1.2862242	1.0041867	0.98658036	0.93384689	1.3037196	1.0753226	59.575577	14.335098	298.6478	12.116139	6.447743	0.84874663
327.00	0.196781	1321.6364	15.92154	267.513	392.5813	1.2250315	1.6075034	1.2870839	1.0055646	0.98709139	0.93486669	1.3039157	1.0756235	59.480783	14.381235	296.88778	12.140779	6.4242511	0.84890736
327.50	0.199881	1320.1216	16.164789	268.15732	392.99866	1.2269932	1.6081882	1.2879507	1.0069477	0.98760419	0.93588755	1.3041163	1.0759281	59.386145	14.427429	295.14086	12.16558	6.4009354	0.84908427
328.00	0.203019	1318.6038	16.41101	268.80208	393.41594	1.2289532	1.6088735	1.2888246	1.0083362	0.98811878	0.93690947	1.3043215	1.0762366	59.291663	14.473681	293.40691	12.190548	6.3777942	0.84927746
328.50	0.206195	1317.0828	16.660232	269.44727	393.83314	1.2309114	1.6095594	1.2897055	1.0097301	0.98863512	0.93793243	1.3045313	1.0765489	59.197338	14.51999	291.68581	12.215683	6.3548259	0.84948702
329.00	0.209409	1315.5588	16.912484	270.09291	394.25026	1.2328679	1.6102459	1.2905935	1.0111294	0.98915323	0.93895643	1.3047458	1.0768651	59.103169	14.566358	289.97742	12.24099	6.332029	0.84971308
329.50	0.212661	1314.0316	17.167796	270.73898	394.66729	1.2348227	1.6109328	1.2914887	1.0125342	0.98967308	0.93998145	1.304965	1.0771853	59.009157	14.612786	288.28164	12.266471	6.3094019	0.84995573
330.00	0.215951	1312.5012	17.426199	271.38551	395.08423	1.2367757	1.6116203	1.2923912	1.0139446	0.99019468	0.94100749	1.305189	1.0775096	58.915302	14.659276	286.59833	12.292129	6.2869431	0.85021509
330.50	0.219281	1310.9676	17.687723	272.03248	395.50108	1.2387271	1.6123083	1.2933009	1.0153605	0.99071801	0.94203452	1.3054177	1.0778379	58.821604	14.705827	284.92738	12.317967	6.2646512	0.85049127
331.00	0.222650	1309.4308	17.952398	272.67991	395.91783	1.2406767	1.6129967	1.2942179	1.0167822	0.99124307	0.94306255	1.3056514	1.0781705	58.728063	14.752441	283.26867	12.343988	6.2425246	0.85078439
331.50	0.226058	1307.8908	18.220257	273.3278	396.33447	1.2426248	1.6136856	1.2951423	1.0182096	0.99176985	0.94409156	1.3058899	1.0785072	58.634679	14.79912	281.62208	12.370194	6.220562	0.85109456
332.00	0.229506	1306.3474	18.491329	273.97614	396.75102	1.2445711	1.614375	1.296074	1.0196428	0.99229835	0.94512155	1.3061334	1.0788483	58.541452	14.845863	279.98749	12.39659	6.1987618	0.85142191
332.50	0.232994	1304.8007	18.765648	274.62495	397.16746	1.2465159	1.6150648	1.2970133	1.0210818	0.99282855	0.9461525	1.306382	1.0791937	58.448383	14.892673	278.36479	12.423178	6.1771228	0.85176657
333.00	0.236523	1303.2506	19.043244	275.27423	397.58379	1.248459	1.6157549	1.2979601	1.0225268	0.99336046	0.9471844	1.3066355	1.0795435	58.355471	14.93955	276.75387	12.449961	6.1556434	0.85212865
333.50	0.240093	1301.6972	19.324151	275.92398	398	1.2504005	1.6164455	1.2989144	1.0239778	0.99389407	0.94821726	1.3068942	1.0798979	58.262717	14.986496	275.1546	12.476943	6.1343223	0.85250829
334.00	0.243703	1300.1403	19.608402	276.5742	398.4161	1.2523404	1.6171365	1.2998764	1.0254349	0.99442936	0.94925105	1.3071581	1.0802568	58.17012	15.033512	273.56689	12.504126	6.1131582	0.85290563
334.50	0.247355	1298.58	19.896028	277.2249	398.83207	1.2542787	1.6178278	1.3008461	1.0268981	0.99496635	0.95028577	1.3074272	1.0806203	58.077681	15.080598	271.99062	12.531514	6.0921497	0.85332078
335.00	0.251049	1297.0162	20.187065	277.87608	399.24792	1.2562155	1.6185195	1.3018235	1.0283676	0.99550501	0.95132142	1.3077016	1.0809886	57.985401	15.127757	270.42568	12.55911	6.0712954	0.8537539
335.50	0.254785	1295.4489	20.481546	278.52775	399.66364	1.2581507	1.6192115	1.3028087	1.0298434	0.99604535	0.95235798	1.3079813	1.0813617	57.893278	15.174989	268.87197	12.586917	6.0505942	0.85420513
336.00	0.258563	1293.878	20.779505	279.1799	400.07923	1.2600844	1.6199039	1.3038018	1.0313256	0.99658737	0.95339546	1.3082664	1.0817396	57.801313	15.222296	267.32937	12.614939	6.0300448	0.8546746
336.50	0.262384	1292.3035	21.080978	279.83255	400.49468	1.2620166	1.6205965	1.3048028	1.0328143	0.99713105	0.95443384	1.3085569	1.0821224	57.709506	15.269679	265.79779	12.64318	6.0096459	0.85516246
337.00	0.266248	1290.7254	21.385998	280.48569	400.91	1.2639473	1.6212894	1.3058118	1.0343095	0.9976764	0.95547311	1.308853	1.0825103	57.617857	15.317139	264.27712	12.671641	5.9893962	0.85566886
337.50	0.270155	1289.1436	21.694602	281.13933	401.32517	1.2658764	1.6219826	1.3068288	1.0358114	0.99822341	0.95651328	1.3091546	1.0829033	57.526366	15.364678	262.76726	12.700328	5.9692946	0.85619396
338.00	0.274106	1287.5582	22.006825	281.79348	401.74019	1.2678041	1.6226761	1.307854	1.03732	0.99877208	0.95755433	1.3094619	1.0833015	57.435033	15.412297	261.2681	12.729243	5.9493397	0.8567379
338.50	0.278100	1285.969	22.322704	282.44813	402.15506	1.2697304	1.6233697	1.3088874	1.0388355	0.9993224	0.95859627	1.3097749	1.0837049	57.343859	15.459998	259.77954	12.758391	5.9295305	0.85730085
339.00	0.282139	1284.3761	22.642275	283.10329	402.56977	1.2716551	1.6240636	1.309929	1.0403579	0.99987437	0.95963908	1.3100936	1.0841138	57.252843	15.507781	258.30149	12.787773	5.9098657	0.85788297
339.50	0.286223	1282.7793	22.965576	283.75896	402.98432	1.2735785	1.6247577	1.310979	1.0418874	1.000428	0.96068277	1.3104181	1.084528	57.161985	15.555649	256.83384	12.817395	5.8903442	0.85848442
340.00	0.290352	1281.1787	23.292645	284.41516	403.39871	1.2755004	1.625452	1.3120374	1.043424	1.0009833	0.96172732	1.3107486	1.0849478	57.071285	15.603603	255.3765	12.84726	5.8709649	0.85910538
340.50	0.294525	1279.5742	23.623519	285.07187	403.81293	1.2774209	1.6261465	1.3131043	1.0449678	1.0015402	0.96277274	1.3110849	1.0853733	56.980744	15.651645	253.92937	12.877372	5.8517266	0.859746
341.00	0.298745	1277.9658	23.958237	285.72911	404.22698	1.27934	1.6268411	1.3141797	1.046519	1.0020988	0.96381902	1.3114273	1.0858045	56.890361	15.699775	252.49235	12.907733	5.8326283	0.86040648
341.50	0.303010	1276.3535	24.296838	286.38688	404.64084	1.2812578	1.6275359	1.3152638	1.0480777	1.002659	0.96486616	1.3117758	1.0862415	56.800136	15.747996	251.06536	12.938349	5.8136688	0.86108697
342.00	0.307322	1274.7372	24.639362	287.04518	405.05453	1.2831741	1.6282307	1.3163566	1.0496439	1.0032208	0.96591415	1.3121305	1.0866844	56.71007	15.79631	249.64829	12.969223	5.794847	0.86178768
342.50	0.311680	1273.1168	24.985848	287.70401	405.46803	1.2850892	1.6289257	1.3174582	1.0512178	1.0037843	0.966963	1.3124913	1.0871334	56.620161	15.844717	248.24106	13.000358	5.776162	0.86250877
343.00	0.316085	1271.4923	25.336337	288.36339	405.88134	1.2870028	1.6296208	1.3185688	1.0527995	1.0043495	0.9680127	1.3128585	1.0875885	56.530412	15.89322	246.84356	13.031759	5.7576127	0.86325045
343.50	0.320537	1269.8638	25.69087	289.02331	406.29446	1.2889152	1.6303159	1.3196883	1.0543891	1.0049163	0.96906326	1.3132321	1.0880499	56.44082	15.94182	245.45572	13.06343	5.739198	0.8640129
344.00	0.325037	1268.231	26.049489	289.68378	406.70737	1.2908263	1.6310111	1.3208169	1.0559868	1.0054847	0.97011466	1.3136121	1.0885176	56.351387	15.99052	244.07745	13.095374	5.7209169	0.86479631
344.50	0.329585	1266.5941	26.412235	290.34481	407.12008	1.292736	1.6317063	1.3219546	1.0575927	1.0060548	0.97116692	1.3139987	1.0889917	56.262112	16.03932	242.70864	13.127596	5.7027685	0.8656009
345.00	0.334181	1264.953	26.779151	291.00638	407.53258	1.2946445	1.6324016	1.3231016	1.059207	1.0066265	0.97222002	1.3143918	1.0894725	56.172995	16.088223	241.34922	13.1601	5.6847518	0.86642686
345.50	0.338825	1263.3075	27.15028	291.66852	407.94486	1.2965517	1.6330968	1.324258	1.0608296	1.0071999	0.97327398	1.3147917	1.0899599	56.084037	16.137231	239.99909	13.192889	5.6668658	0.86727441
346.00	0.343519	1261.6577	27.525667	292.33123	408.35692	1.2984577	1.633792	1.3254238	1.0624609	1.0077749	0.97432879	1.3151983	1.0904542	55.995236	16.186346	238.65817	13.225969	5.6491095	0.86814375
346.50	0.348261	1260.0036	27.905355	292.9945	408.76876	1.3003624	1.6344872	1.3265992	1.0641009	1.0083515	0.97538446	1.3156118	1.0909554	55.906594	16.235569	237.32638	13.259343	5.6314821	0.8690351
347.00	0.353054	1258.345	28.289388	293.65835	409.18037	1.3022659	1.6351824	1.3277842	1.0657498	1.0089299	0.97644098	1.3160322	1.0914636	55.81811	16.284902	236.00364	13.293016	5.6139826	0.86994869
347.50	0.357896	1256.682	28.677814	294.32277	409.59174	1.3041682	1.6358775	1.328979	1.0674077	1.0095099	0.97749836	1.3164596	1.0919791	55.729783	16.334348	234.68984	13.326992	5.5966101	0.87088473
348.00	0.362789	1255.0144	29.070676	294.98777	410.00287	1.3060693	1.6365724	1.3301837	1.0690749	1.0100915	0.9785566	1.3168942	1.0925018	55.641615	16.383909	233.38492	13.361275	5.5793638	0.87184347
348.50	0.367732	1253.3423	29.468024	295.65336	410.41376	1.3079692	1.6372673	1.3313983	1.0707514	1.0106748	0.9796157	1.317336	1.0930321	55.553604	16.433586	232.08879	13.395871	5.5622427	0.87282512
349.00	0.372726	1251.6657	29.869902	296.31954	410.82439	1.309868	1.6379621	1.3326231	1.0724374	1.0112598	0.98067567	1.3177851	1.0935699	55.465751	16.483382	230.80138	13.430782	5.545246	0.87382995
349.50	0.377772	1249.9843	30.27636	296.98631	411.23477	1.3117656	1.6386567	1.333858	1.0741331	1.0118465	0.98173651	1.3182415	1.0941154	55.378056	16.5333	229.52259	13.466015	5.5283729	0.87485818
350.00	0.382869	1248.2983	30.687447	297.65368	411.64488	1.313662	1.6393512	1.3351033	1.0758387	1.0124348	0.98279823	1.3187055	1.0946689	55.290519	16.58334	228.25235	13.501573	5.5116225	0.87591007
350.50	0.388019	1246.6075	31.103211	298.32166	412.05473	1.3155574	1.6400455	1.3363591	1.0775543	1.0130248	0.98386083	1.319177	1.0952304	55.203139	16.633506	226.99058	13.537462	5.494994	0.87698587
351.00	0.393220	1244.9119	31.523702	298.99024	412.4643	1.3174516	1.6407396	1.3376254	1.0792801	1.0136166	0.98492432	1.3196562	1.0958	55.115917	16.683801	225.7372	13.573686	5.4784867	0.87808585
351.50	0.398475	1243.2114	31.948972	299.65943	412.87359	1.3193448	1.6414334	1.3389025	1.0810164	1.01421	0.98598871	1.3201432	1.096378	55.028851	16.734225	224.49214	13.610249	5.4620997	0.87921027
352.00	0.403782	1241.5061	32.379071	300.32924	413.2826	1.3212369	1.6421271	1.3401903	1.0827632	1.0148051	0.98705399	1.3206382	1.0969645	54.941944	16.784782	223.25531	13.647158	5.4458323	0.88035939
352.50	0.409143	1239.7958	32.814051	300.99967	413.69131	1.3231279	1.6428205	1.3414892	1.0845209	1.0154019	0.98812018	1.3211411	1.0975597	54.855193	16.835474	222.02665	13.684416	5.4296838	0.88153351
353.00	0.414558	1238.0804	33.253967	301.67072	414.09972	1.3250178	1.6435136	1.3427992	1.0862896	1.0160005	0.98918729	1.3216521	1.0981637	54.768599	16.886305	220.80607	13.722028	5.4136533	0.88273289
353.50	0.420027	1236.3601	33.698871	302.34241	414.50783	1.3269068	1.6442064	1.3441204	1.0880695	1.0166008	0.99025532	1.3221713	1.0987767	54.682162	16.937275	219.5935	13.760001	5.3977402	0.88395784
354.00	0.425550	1234.6346	34.148817	303.01473	414.91563	1.3287947	1.6448989	1.345453	1.0898608	1.0172028	0.99132429	1.3226989	1.0993989	54.595882	16.988388	218.38887	13.798338	5.3819437	0.88520864
354.50	0.431129	1232.9039	34.603862	303.68769	415.32311	1.3306816	1.6455911	1.3467972	1.0916638	1.0178066	0.9923942	1.3232349	1.1000304	54.509759	17.039647	217.19211	13.837045	5.3662632	0.88648559
355.00	0.436762	1231.168	35.064061	304.36129	415.73027	1.3325675	1.6462829	1.348153	1.0934787	1.0184121	0.99346506	1.3237795	1.1006715	54.423792	17.091055	216.00313	13.876128	5.350698	0.88778901
355.50	0.442451	1229.4269	35.52947	305.03555	416.1371	1.3344525	1.6469744	1.3495208	1.0953057	1.0190194	0.99453689	1.3243327	1.1013224	54.337982	17.142613	214.82188	13.915591	5.3352475	0.88911921
356.00	0.448196	1227.6804	36.000149	305.71045	416.54359	1.3363365	1.6476655	1.3509005	1.0971451	1.0196285	0.99560969	1.3248948	1.1019831	54.252328	17.194325	213.64827	13.955441	5.3199109	0.89047651
356.50	0.453998	1225.9284	36.476155	306.38602	416.94974	1.3382195	1.6483562	1.3522924	1.0989971	1.0202394	0.99668348	1.3254658	1.102654	54.16683	17.246195	212.48224	13.995681	5.3046876	0.89186125
357.00	0.459856	1224.1711	36.957548	307.06225	417.35553	1.3401016	1.6490464	1.3536967	1.1008619	1.020852	0.99775827	1.3260459	1.1033353	54.081488	17.298224	211.32371	14.036319	5.2895771	0.89327375
357.50	0.465771	1222.4081	37.444389	307.73915	417.76097	1.3419829	1.6497362	1.3551134	1.1027398	1.0214665	0.99883407	1.3266352	1.1040271	53.996302	17.350416	210.17262	14.07736	5.2745787	0.89471436
358.00	0.471744	1220.6397	37.936739	308.41673	418.16604	1.3438632	1.6504255	1.3565429	1.1046312	1.0220828	0.9999109	1.3272338	1.1047296	53.911272	17.402773	209.0289	14.118809	5.2596918	0.89618343
358.50	0.477774	1218.8655	38.43466	309.09498	418.57074	1.3457426	1.6511143	1.3579852	1.1065362	1.022701	1.0009888	1.3278419	1.1054432	53.826397	17.4553	207.89248	14.160673	5.2449159	0.89768133
359.00	0.483863	1217.0857	38.938216	309.77392	418.97506	1.3476212	1.6518026	1.3594406	1.1084552	1.023321	1.0020677	1.3284596	1.106168	53.741677	17.508	206.76329	14.202956	5.2302503	0.89920842
359.50	0.490010	1215.3001	39.44747	310.45355	419.37899	1.3494989	1.6524904	1.3609093	1.1103884	1.0239429	1.0031477	1.3290871	1.1069042	53.657113	17.560874	205.64127	14.245666	5.2156947	0.90076507
360.00	0.496216	1213.5086	39.96249	311.13387	419.78253	1.3513758	1.6531776	1.3623914	1.1123362	1.0245666	1.0042288	1.3297245	1.1076522	53.572703	17.613928	204.52635	14.288808	5.2012484	0.90235169
360.50	0.502482	1211.7112	40.48334	311.8149	420.18566	1.3532519	1.6538643	1.3638871	1.1142988	1.0251923	1.005311	1.330372	1.1084121	53.488448	17.667164	203.41845	14.332388	5.1869108	0.90396865
361.00	0.508807	1209.9079	41.010089	312.49663	420.58838	1.3551272	1.6545503	1.3653967	1.1162766	1.0258199	1.0063943	1.3310297	1.1091842	53.404349	17.720586	202.31753	14.376412	5.1726817	0.90561636
361.50	0.515192	1208.0985	41.542805	313.17907	420.99069	1.3570017	1.6552358	1.3669204	1.1182699	1.0264494	1.0074788	1.3316978	1.1099687	53.320403	17.774197	201.22351	14.420887	5.1585603	0.90729525
362.00	0.521638	1206.2829	42.081557	313.86223	421.39257	1.3588754	1.6559205	1.3684583	1.120279	1.0270809	1.0085644	1.3323764	1.110766	53.236612	17.828001	200.13632	14.46582	5.1445464	0.90900573
362.50	0.528144	1204.4612	42.626418	314.54612	421.79401	1.3607484	1.6566046	1.3700107	1.1223044	1.0277143	1.0096512	1.3330657	1.1115763	53.152974	17.882002	199.05591	14.511216	5.1306393	0.91074823
363.00	0.534712	1202.6333	43.177458	315.23073	422.19501	1.3626206	1.6572881	1.3715779	1.1243462	1.0283498	1.0107392	1.3337659	1.1124	53.069491	17.936203	197.98221	14.557083	5.1168388	0.91252321
363.50	0.541341	1200.799	43.734752	315.91608	422.59555	1.3644922	1.6579708	1.37316	1.126405	1.0289872	1.0118284	1.3344772	1.1132372	52.986161	17.990608	196.91516	14.603427	5.1031444	0.91433112
364.00	0.548032	1198.9583	44.298374	316.60217	422.99564	1.366363	1.6586527	1.3747574	1.1284811	1.0296267	1.0129189	1.3351998	1.1140883	52.902985	18.045222	195.8547	14.650254	5.0895557	0.91617242
364.50	0.554786	1197.1111	44.8684	317.289	423.39526	1.3682331	1.659334	1.3763701	1.1305748	1.0302683	1.0140106	1.3359337	1.1149536	52.819962	18.100048	194.80076	14.697573	5.0760723	0.91804761
365.00	0.561602	1195.2573	45.444906	317.97659	423.7944	1.3701026	1.6600144	1.3779986	1.1326866	1.0309119	1.0151037	1.3366793	1.1158334	52.737092	18.15509	193.75328	14.745389	5.0626938	0.91995716
365.50	0.568482	1193.3969	46.027972	318.66494	424.19305	1.3719714	1.660694	1.3796431	1.1348169	1.0315576	1.0161981	1.3374367	1.1167281	52.654374	18.210353	192.7122	14.793711	5.04942	0.92190159
366.00	0.575425	1191.5298	46.617678	319.35405	424.5912	1.3738396	1.6613728	1.3813037	1.1369662	1.0322055	1.0172938	1.3382062	1.117638	52.57181	18.265841	191.67747	14.842544	5.0362505	0.92388141
366.50	0.582432	1189.6559	47.214104	320.04394	424.98884	1.3757072	1.6620507	1.3829809	1.1391348	1.0328555	1.0183908	1.3389878	1.1185634	52.489397	18.321558	190.64902	14.891898	5.0231849	0.92589716
367.00	0.589503	1187.7751	47.817334	320.7346	425.38598	1.3775742	1.6627278	1.3846749	1.1413232	1.0335077	1.0194893	1.3397819	1.1195048	52.407137	18.377509	189.62679	14.941778	5.010223	0.92794937
367.50	0.596639	1185.8873	48.427452	321.42605	425.78258	1.3794406	1.6634039	1.3863859	1.1435319	1.034162	1.0205892	1.3405886	1.1204624	52.325029	18.433698	188.61072	14.992193	4.9973646	0.93003862
368.00	0.603840	1183.9924	49.044543	322.11828	426.17865	1.3813064	1.6640791	1.3881143	1.1457613	1.0348187	1.0216906	1.3414083	1.1214367	52.243072	18.49013	187.60076	15.043151	4.9846093	0.93216548
368.50	0.611107	1182.0904	49.668696	322.81132	426.57417	1.3831717	1.6647534	1.3898604	1.148012	1.0354775	1.0227935	1.342241	1.122428	52.161266	18.546809	186.59685	15.094659	4.9719569	0.93433054
369.00	0.618440	1180.1812	50.299998	323.50516	426.96914	1.3850364	1.6654266	1.3916245	1.1502845	1.0361387	1.0238979	1.3430871	1.1234368	52.079612	18.603742	185.59892	15.146726	4.9594073	0.9365344
369.50	0.625839	1178.2646	50.938541	324.19981	427.36354	1.3869007	1.6660989	1.393407	1.1525793	1.0368022	1.0250038	1.3439467	1.1244634	51.998109	18.660932	184.60693	15.199359	4.9469603	0.9387777
370.00	0.633305	1176.3406	51.584417	324.89528	427.75736	1.3887645	1.6667701	1.395208	1.1548969	1.037468	1.0261113	1.3448202	1.1255083	51.916756	18.718384	183.62081	15.252568	4.9346156	0.94106106
370.50	0.640837	1174.4091	52.23772	325.59158	428.15059	1.3906278	1.6674402	1.3970281	1.1572379	1.0381363	1.0272205	1.3457078	1.126572	51.835554	18.776104	182.64051	15.306359	4.9223731	0.94338517
371.00	0.648438	1172.47	52.898546	326.28871	428.54322	1.3924906	1.6681093	1.3988676	1.1596028	1.0388069	1.0283313	1.3466098	1.1276549	51.754501	18.834098	181.66598	15.360743	4.9102327	0.94575068
371.50	0.656106	1170.5232	53.566993	326.98667	428.93525	1.394353	1.6687772	1.4007267	1.1619924	1.03948	1.0294438	1.3475264	1.1287575	51.673599	18.89237	180.69715	15.415727	4.8981944	0.94815831
372.00	0.663843	1168.5686	54.24316	327.68549	429.32665	1.396215	1.669444	1.402606	1.1644072	1.0401556	1.030558	1.3484578	1.1298803	51.592846	18.950927	179.73398	15.471321	4.8862579	0.95060877
372.50	0.671649	1166.606	54.927149	328.38516	429.71741	1.3980767	1.6701096	1.4045057	1.1668477	1.0408337	1.031674	1.3494045	1.1310237	51.512243	19.009773	178.7764	15.527534	4.8744233	0.95310281
373.00	0.679523	1164.6355	55.619063	329.08569	430.10753	1.3999379	1.6707739	1.4064263	1.1693148	1.0415144	1.0327918	1.3503667	1.1321883	51.431788	19.068915	177.82437	15.584375	4.8626905	0.95564118
373.50	0.687468	1162.6568	56.319008	329.7871	430.497	1.4017988	1.6714371	1.4083682	1.1718091	1.0421977	1.0339115	1.3513446	1.1333746	51.351483	19.128359	176.87782	15.641853	4.8510596	0.95822467
374.00	0.695482	1160.6698	57.027092	330.48938	430.88579	1.4036593	1.6720989	1.4103319	1.1743312	1.0428836	1.0350331	1.3523387	1.1345833	51.271326	19.18811	175.93671	15.699978	4.8395305	0.96085409
374.50	0.703567	1158.6746	57.743425	331.19255	431.2739	1.4055196	1.6727595	1.4123176	1.1768819	1.0435723	1.0361566	1.3533491	1.1358148	51.191317	19.248176	175.00098	15.75876	4.8281032	0.96353027
375.00	0.711723	1156.6709	58.468118	331.89661	431.66131	1.4073795	1.6734187	1.414326	1.179462	1.0442636	1.0372821	1.3543764	1.1370697	51.111457	19.308562	174.07058	15.818209	4.8167779	0.96625409
375.50	0.719950	1154.6586	59.201287	332.60157	432.04801	1.4092392	1.6740766	1.4163574	1.1820722	1.0449577	1.0384096	1.3554207	1.1383487	51.031744	19.369274	173.14545	15.878335	4.8055547	0.96902641
376.00	0.728249	1152.6376	59.943047	333.30745	432.43399	1.4110987	1.6747331	1.4184123	1.1847134	1.0456547	1.0395392	1.3564825	1.1396524	50.952179	19.430321	172.22555	15.939148	4.7944336	0.97184816
376.50	0.736621	1150.6078	60.69352	334.01425	432.81924	1.4129579	1.6753881	1.4204913	1.1873863	1.0463545	1.040671	1.3575621	1.1409815	50.87276	19.491708	171.31081	16.000659	4.7834149	0.97472028
377.00	0.745064	1148.5691	61.452825	334.72197	433.20373	1.4148169	1.6760417	1.4225948	1.1900918	1.0470573	1.0418049	1.35866	1.1423366	50.793489	19.553442	170.4012	16.062878	4.7724987	0.97764375
377.50	0.753581	1146.5213	62.221087	335.43063	433.58746	1.4166757	1.6766938	1.4247234	1.1928309	1.047763	1.0429411	1.3597764	1.1437184	50.714365	19.615531	169.49665	16.125818	4.7616853	0.98061957
378.00	0.762172	1144.4644	62.998435	336.14024	433.97041	1.4185343	1.6773443	1.4268775	1.1956044	1.0484717	1.0440795	1.3609118	1.1451277	50.635387	19.677982	168.59712	16.189488	4.7509748	0.98364877
378.50	0.770836	1142.3981	63.784997	336.8508	434.35257	1.4203929	1.6779933	1.4290579	1.1984133	1.0491836	1.0452204	1.3620666	1.1465652	50.556555	19.740802	167.70255	16.2539	4.7403676	0.98673245
379.00	0.779574	1140.3224	64.580905	337.56233	434.73391	1.4222513	1.6786407	1.4312649	1.2012585	1.0498985	1.0463636	1.3632412	1.1480317	50.477869	19.804	166.8129	16.319067	4.729864	0.9898717
379.50	0.788388	1138.2372	65.386297	338.27483	435.11444	1.4241096	1.6792864	1.4334993	1.2041412	1.0506167	1.0475093	1.3644361	1.149528	50.399328	19.867583	165.92811	16.385	4.7194643	0.99306767
380.00	0.797276	1136.1422	66.201309	338.98832	435.49412	1.4259678	1.6799305	1.4357617	1.2070624	1.0513381	1.0486575	1.3656517	1.1510549	50.320933	19.931559	165.04813	16.451711	4.709169	0.99632155
380.50	0.806241	1134.0373	67.026084	339.7028	435.87295	1.427826	1.6805728	1.4380526	1.2100231	1.0520628	1.0498083	1.3668885	1.1526134	50.242683	19.995936	164.17292	16.519213	4.6989785	0.99963456
381.00	0.815281	1131.9224	67.860768	340.41829	436.25091	1.4296842	1.6812134	1.4403728	1.2130245	1.0527909	1.0509617	1.368147	1.1542043	50.164578	20.060724	163.30241	16.587518	4.6888932	1.003008
381.50	0.824399	1129.7974	68.705507	341.13479	436.62797	1.4315424	1.6818522	1.4427228	1.2160678	1.0535224	1.0521179	1.3694278	1.1558285	50.086618	20.12593	162.43658	16.65664	4.6789136	1.0064431
382.00	0.833593	1127.6621	69.560454	341.85231	437.00413	1.4334007	1.6824892	1.4451036	1.2191543	1.0542575	1.0532769	1.3707312	1.157487	50.008802	20.191565	161.57535	16.726592	4.6690404	1.0099414
382.50	0.842864	1125.5163	70.425764	342.57087	437.37937	1.4352589	1.6831243	1.4475157	1.2222851	1.0549961	1.0544387	1.3720578	1.1591808	49.93113	20.257636	160.71869	16.797388	4.659274	1.0135041
383.00	0.852214	1123.3599	71.301596	343.29048	437.75366	1.4371173	1.6837575	1.4499599	1.2254617	1.0557384	1.0556034	1.3734083	1.160911	49.853603	20.324153	159.86654	16.86904	4.6496152	1.0171328
383.50	0.861642	1121.1927	72.188112	344.01114	438.127	1.4389758	1.6843887	1.452437	1.2286853	1.0564844	1.0567712	1.3747832	1.1626786	49.776219	20.391127	159.01886	16.941565	4.6400646	1.0208289
384.00	0.871149	1119.0145	73.085479	344.73287	438.49936	1.4408344	1.685018	1.4549478	1.2319575	1.0572342	1.0579421	1.3761831	1.1644848	49.698978	20.458567	158.1756	17.014976	4.6306231	1.0245941
384.50	0.880736	1116.8253	73.993868	345.45569	438.87071	1.4426932	1.6856452	1.4574932	1.2352797	1.0579879	1.0591161	1.3776086	1.1663308	49.621881	20.526483	157.3367	17.089288	4.6212913	1.02843
385.00	0.890402	1114.6247	74.913453	346.17959	439.24105	1.4445522	1.6862703	1.460074	1.2386534	1.0587455	1.0602934	1.3790604	1.1682177	49.544928	20.594885	156.50213	17.164517	4.6120701	1.0323382
385.50	0.900149	1112.4127	75.844414	346.9046	439.61036	1.4464114	1.6868932	1.4626911	1.2420803	1.0595072	1.061474	1.3805391	1.1701468	49.468117	20.663786	155.67182	17.240678	4.6029604	1.0363206
386.00	0.909976	1110.189	76.786933	347.63073	439.9786	1.4482708	1.687514	1.4653455	1.2455621	1.060273	1.062658	1.3820454	1.1721194	49.391449	20.733194	154.84574	17.317788	4.5939633	1.040379
386.50	0.919885	1107.9534	77.7412	348.35798	440.34577	1.4501306	1.6881326	1.4680381	1.2491004	1.061043	1.0638455	1.3835801	1.174137	49.314924	20.803123	154.02384	17.395862	4.5850796	1.0445152
387.00	0.929875	1105.7059	78.707407	349.08638	440.71183	1.4519906	1.6887489	1.47077	1.2526971	1.0618174	1.0650366	1.3851439	1.1762009	49.238542	20.873583	153.20606	17.474918	4.5763106	1.0487312
387.50	0.939947	1103.4461	79.685752	349.81593	441.07678	1.453851	1.6893628	1.4735421	1.256354	1.0625962	1.0662315	1.3867376	1.1783126	49.162303	20.944587	152.39235	17.554972	4.5676574	1.0530291
388.00	0.950103	1101.1738	80.676438	350.54665	441.44057	1.4557117	1.6899744	1.4763557	1.2600732	1.0633795	1.0674301	1.388362	1.1804737	49.086205	21.016147	151.58268	17.636044	4.5591211	1.057411
388.50	0.960341	1098.8889	81.679674	351.27855	441.8032	1.4575729	1.6905836	1.4792117	1.2638566	1.0641673	1.0686326	1.390018	1.1826858	49.010251	21.088275	150.777	17.71815	4.5507032	1.0618792
389.00	0.970663	1096.5912	82.695674	352.01165	442.16464	1.4594345	1.6911902	1.4821115	1.2677064	1.0649599	1.0698391	1.3917063	1.1849505	48.934439	21.160985	149.97524	17.80131	4.5424049	1.066436
389.50	0.981070	1094.2804	83.724657	352.74596	442.52486	1.4612966	1.6917944	1.4850562	1.2716249	1.0657574	1.0710498	1.393428	1.1872696	48.858769	21.23429	149.17738	17.885543	4.5342278	1.0710837
390.00	0.991561	1091.9563	84.76685	353.4815	442.88384	1.4631591	1.6923959	1.4880471	1.2756143	1.0665597	1.0722646	1.395184	1.189645	48.783242	21.308205	148.38335	17.970868	4.5261734	1.0758249
390.50	1.002137	1089.6186	85.822483	354.21827	443.24156	1.4650223	1.6929948	1.4910855	1.2796771	1.0673672	1.0734838	1.3969753	1.1920786	48.707857	21.382742	147.59311	18.057306	4.5182433	1.0806622
391.00	1.012799	1087.2672	86.891796	354.95631	443.59798	1.4668859	1.693591	1.4941729	1.2838158	1.0681798	1.0747075	1.3988028	1.1945723	48.632615	21.457918	146.80661	18.144877	4.5104392	1.0855983
391.50	1.023547	1084.9018	87.975034	355.69561	443.95308	1.4687502	1.6941844	1.4973105	1.288033	1.0689977	1.0759357	1.4006678	1.1971283	48.557516	21.533746	146.02381	18.233602	4.502763	1.0906361
392.00	1.034382	1082.5221	89.072447	356.4362	444.30683	1.4706152	1.694775	1.5005001	1.2923316	1.069821	1.0771686	1.4025712	1.1997487	48.48256	21.610244	145.24465	18.323505	4.4952167	1.0957787
392.50	1.045304	1080.1279	90.184297	357.1781	444.65921	1.4724808	1.6953626	1.503743	1.2967144	1.0706498	1.0784063	1.4045143	1.2024358	48.407747	21.687426	144.46909	18.414606	4.4878022	1.101029
393.00	1.056314	1077.7189	91.310848	357.92131	445.01018	1.4743472	1.6959474	1.5070411	1.3011844	1.0714844	1.079649	1.4064983	1.2051921	48.333078	21.76531	143.69708	18.50693	4.4805217	1.1063904
393.50	1.067412	1075.2948	92.452377	358.66587	445.35972	1.4762143	1.6965291	1.5103959	1.3057448	1.0723248	1.0808968	1.4085245	1.2080199	48.258552	21.843912	142.92857	18.600501	4.4733775	1.1118662
394.00	1.078598	1072.8554	93.609165	359.41178	445.70779	1.4780822	1.6971076	1.5138092	1.310399	1.0731712	1.0821499	1.4105943	1.2109219	48.184171	21.92325	142.16351	18.695342	4.466372	1.1174601
394.50	1.089874	1070.4004	94.781504	360.15907	446.05437	1.479951	1.6976831	1.517283	1.3151504	1.0740238	1.0834083	1.4127089	1.213901	48.109935	22.003343	141.40186	18.79148	4.4595077	1.1231758
395.00	1.101240	1067.9295	95.969694	360.90775	446.39941	1.4818207	1.6982553	1.5208191	1.3200026	1.0748826	1.0846723	1.4148699	1.2169598	48.035844	22.084209	140.64355	18.888939	4.4527874	1.1290171
395.50	1.112697	1065.4423	97.174044	361.65785	446.7429	1.4836913	1.6988241	1.5244196	1.3249595	1.0757479	1.0859419	1.4170789	1.2201016	47.961898	22.165867	139.88855	18.987748	4.4462137	1.1349882
396.00	1.124244	1062.9386	98.394872	362.40938	447.08478	1.4855629	1.6993896	1.5280867	1.3300251	1.0766198	1.0872175	1.4193373	1.2233294	47.8881	22.248339	139.1368	19.087934	4.4397899	1.1410933
396.50	1.135883	1060.418	99.632509	363.16237	447.42503	1.4874355	1.6999517	1.5318226	1.3352036	1.0774985	1.0884991	1.421647	1.2266465	47.814448	22.331644	138.38826	19.189525	4.4335189	1.1473371
397.00	1.147613	1057.8803	100.88729	363.91682	447.76361	1.4893092	1.7005101	1.5356296	1.3404994	1.0783842	1.0897868	1.4240097	1.2300565	47.740945	22.415804	137.64287	19.292552	4.4274042	1.1537242
397.50	1.159437	1055.3249	102.15957	364.67278	448.10048	1.491184	1.701065	1.5395101	1.3459173	1.0792771	1.091081	1.4264271	1.2335631	47.667591	22.500841	136.90058	19.397043	4.4214492	1.1602595
398.00	1.171353	1052.7517	103.44972	365.43026	448.43561	1.4930599	1.7016161	1.5434669	1.351462	1.0801774	1.0923817	1.4289014	1.2371701	47.594387	22.586779	136.16134	19.503032	4.4156577	1.1669484
398.50	1.183363	1050.1602	104.75809	366.18927	448.76895	1.4949371	1.7021634	1.5475025	1.3571388	1.0810852	1.0936892	1.4314344	1.2408816	47.521334	22.673641	135.4251	19.61055	4.4100337	1.1737964
399.00	1.195467	1047.55	106.08509	366.94986	449.10046	1.4968156	1.7027069	1.5516199	1.362953	1.0820008	1.0950037	1.4340284	1.2447018	47.448434	22.761451	134.69181	19.71963	4.4045813	1.1808091
399.50	1.207666	1044.9207	107.4311	367.71203	449.4301	1.4986954	1.7032463	1.5558219	1.3689105	1.0829243	1.0963253	1.4366857	1.2486354	47.375688	22.850237	133.96141	19.830308	4.3993049	1.1879928
400.00	1.219961	1042.272	108.79655	368.47582	449.75783	1.5005766	1.7037817	1.5601119	1.3750173	1.0838562	1.0976543	1.4394086	1.252687	47.303098	22.940023	133.23385	19.942619	4.3942093	1.1953539
400.50	1.232351	1039.6034	110.18185	369.24125	450.0836	1.5024593	1.7043128	1.564493	1.3812796	1.0847964	1.0989909	1.4421996	1.2568618	47.230666	23.030837	132.50908	20.056601	4.3892993	1.2028991
401.00	1.244838	1036.9145	111.58746	370.00835	450.40736	1.5043434	1.7048397	1.5689688	1.3877043	1.0857454	1.1003353	1.4450615	1.2611649	47.158393	23.122709	131.78704	20.172291	4.3845802	1.2106357
401.50	1.257422	1034.2048	113.01384	370.77714	450.72906	1.5062291	1.7053622	1.573543	1.3942985	1.0867033	1.1016878	1.4479969	1.2656022	47.086281	23.215668	131.06767	20.28973	4.3800576	1.2185711
402.00	1.270104	1031.4739	114.46145	371.54766	451.04866	1.5081165	1.7058801	1.5782195	1.4010697	1.0876705	1.1030487	1.4510088	1.2701794	47.014334	23.309744	130.35093	20.408959	4.3757373	1.2267134
402.50	1.282884	1028.7212	115.93079	372.31994	451.3661	1.5100055	1.7063935	1.5830023	1.4080258	1.0886471	1.1044181	1.4541005	1.2749029	46.942553	23.404969	129.63675	20.53002	4.3716256	1.235071
403.00	1.295763	1025.9464	117.42238	373.09399	451.68133	1.5118963	1.7069021	1.5878958	1.4151753	1.0896335	1.1057963	1.4572751	1.2797794	46.870942	23.501378	128.92507	20.652959	4.3677291	1.2436529
403.50	1.308742	1023.1487	118.93673	373.86987	451.99429	1.513789	1.7074059	1.5929046	1.4225271	1.09063	1.1071837	1.4605362	1.2848159	46.799503	23.599004	128.21584	20.77782	4.364055	1.2524686
404.00	1.321821	1020.3278	120.47442	374.64759	452.30492	1.5156835	1.7079046	1.5980336	1.4300908	1.0916369	1.1085804	1.4638875	1.2900199	46.728239	23.697885	127.50899	20.904651	4.3606106	1.2615282
404.50	1.335000	1017.483	122.036	375.4272	452.61317	1.51758	1.7083983	1.6032879	1.4378763	1.0926545	1.1099869	1.4673329	1.2953994	46.657156	23.798056	126.80447	21.033503	4.3574039	1.2708423
405.00	1.348281	1014.6137	123.62207	376.20872	452.91897	1.5194786	1.7088866	1.6086729	1.4458945	1.0936831	1.1114034	1.4708766	1.3009628	46.586256	23.899558	126.10221	21.164426	4.3544434	1.2804223
405.50	1.361664	1011.7194	125.23326	376.9922	453.22226	1.5213793	1.7093696	1.6141946	1.4541566	1.0947231	1.1128302	1.4745231	1.3067192	46.515544	24.002432	125.40215	21.297475	4.3517382	1.2902802
406.00	1.375150	1008.7995	126.8702	377.77767	453.52298	1.5232823	1.7098471	1.6198589	1.4626748	1.0957749	1.1142677	1.4782771	1.3126782	46.445024	24.10672	124.70422	21.432705	4.3492978	1.300429
406.50	1.388739	1005.8531	128.53358	378.56518	453.82104	1.5251876	1.7103188	1.6256726	1.4714621	1.0968388	1.1157162	1.4821435	1.3188498	46.374703	24.212467	124.00836	21.570174	4.3471326	1.3108822
407.00	1.402432	1002.8798	130.22409	379.35475	454.11638	1.5270952	1.7107847	1.6316425	1.4805321	1.0979153	1.117176	1.4861279	1.3252451	46.304586	24.31972	123.31449	21.709943	4.3452535	1.3216545
407.50	1.416230	999.87866	131.94246	380.14644	454.40892	1.5290054	1.7112446	1.6377761	1.4898997	1.0990047	1.1186477	1.4902358	1.3318757	46.234679	24.428528	122.62255	21.852074	4.3436722	1.3327614
408.00	1.430133	996.84905	133.68946	380.94029	454.69859	1.5309181	1.7116983	1.6440814	1.4995806	1.1001074	1.1201315	1.4944735	1.338754	46.164988	24.53894	121.93247	21.996635	4.3424012	1.3442197
408.50	1.444142	993.79016	135.46588	381.73635	454.98531	1.5328336	1.7121456	1.6505668	1.5095915	1.1012241	1.1216279	1.4988474	1.3458933	46.095522	24.651013	121.24416	22.143693	4.341454	1.356047
409.00	1.458257	990.70117	137.27255	382.53466	455.26897	1.5347518	1.7125863	1.6572414	1.5199506	1.102355	1.1231373	1.5033645	1.3533079	46.026289	24.7648	120.55756	22.293321	4.340845	1.3682625
409.50	1.472480	987.58124	139.11035	383.33527	455.54951	1.536673	1.7130203	1.6641149	1.5306772	1.1035007	1.1246602	1.5080324	1.3610131	45.957297	24.880363	119.87259	22.445593	4.3405895	1.3808865
410.00	1.486811	984.42946	140.98018	384.13824	455.82683	1.5385972	1.7134474	1.6711977	1.541792	1.1046618	1.1261969	1.5128591	1.3690252	45.888557	24.997761	119.18916	22.600588	4.3407043	1.3939411
410.50	1.501251	981.24491	142.88301	384.94362	456.10082	1.5405245	1.7138672	1.6785011	1.5533175	1.1058388	1.1277481	1.5178533	1.377362	45.820079	25.117061	118.50719	22.758389	4.341207	1.4074498
411.00	1.515800	978.02661	144.81983	385.75147	456.37139	1.5424551	1.7142797	1.6860369	1.5652775	1.1070322	1.1293143	1.5230243	1.3860425	45.751874	25.238332	117.8266	22.919082	4.342117	1.421438
411.50	1.530460	974.77351	146.79169	386.56185	456.63842	1.5443891	1.7146846	1.6938182	1.5776982	1.1082427	1.1308959	1.5283821	1.395087	45.683955	25.361644	117.14728	23.082757	4.3434549	1.435933
412.00	1.545230	971.48456	148.79971	387.37481	456.90182	1.5463267	1.7150815	1.7018589	1.5906073	1.1094708	1.1324935	1.5339375	1.4045178	45.616337	25.487076	116.46916	23.249509	4.3452431	1.4509643
412.50	1.560113	968.1586	150.84504	388.19044	457.16146	1.5482679	1.7154704	1.7101741	1.6040352	1.1107173	1.1341078	1.5397023	1.4143586	45.549034	25.614707	115.79212	23.419438	4.3475057	1.4665639
413.00	1.575107	964.79445	152.9289	389.00878	457.41721	1.550213	1.7158508	1.71878	1.6180146	1.1119829	1.1357394	1.5456892	1.4246355	45.482064	25.744622	115.11608	23.59265	4.350269	1.4827661
413.50	1.590215	961.39085	155.05258	389.82993	457.66896	1.5521621	1.7162226	1.7276943	1.632581	1.1132683	1.1373888	1.5519119	1.4353763	45.415445	25.876913	114.44092	23.769255	4.3535614	1.4996083
414.00	1.605437	957.94647	157.21745	390.65395	457.91656	1.5541153	1.7165854	1.7369361	1.6477729	1.1145742	1.1390569	1.5583853	1.4466116	45.349196	26.011673	113.76654	23.949368	4.3574136	1.5171312
414.50	1.620774	954.45991	159.42492	391.48092	458.15987	1.5560729	1.7169389	1.7465262	1.6636324	1.1159016	1.1407443	1.5651256	1.4583745	45.28334	26.149004	113.09281	24.133115	4.3618592	1.5353789
415.00	1.636226	950.92968	161.67653	392.31094	458.39874	1.5580351	1.7172828	1.7564873	1.6802049	1.1172512	1.1424517	1.5721507	1.470701	45.217902	26.289015	112.41962	24.320623	4.3669349	1.5543995
415.50	1.651795	947.35423	163.97387	393.14408	458.63301	1.5600019	1.7176167	1.7668441	1.6975405	1.118624	1.1441801	1.5794798	1.4836305	45.152908	26.43182	111.74684	24.512032	4.3726804	1.5742453
416.00	1.667481	943.7319	166.31864	393.98045	458.86251	1.5619737	1.7179402	1.7776235	1.7156937	1.120021	1.1459302	1.5871342	1.4972061	45.088388	26.57754	111.07433	24.707485	4.3791396	1.5949736
416.50	1.683285	940.06092	168.71265	394.82015	459.08707	1.5639507	1.7182531	1.7888552	1.7347242	1.1214431	1.1477029	1.5951369	1.511475	45.024373	26.726307	110.40196	24.907138	4.3863603	1.6166474
417.00	1.699208	936.33942	171.15781	395.66327	459.30649	1.5659331	1.7185547	1.8005717	1.7546977	1.1228915	1.1494991	1.6035135	1.5264889	44.960901	26.87826	109.72957	25.111154	4.3943952	1.6393355
417.50	1.715251	932.56541	173.65617	396.50994	459.52058	1.5679211	1.7188448	1.8128087	1.7756865	1.1243674	1.15132	1.6122922	1.5423049	44.898012	27.033548	109.05701	25.319708	4.4033021	1.6631137
418.00	1.731414	928.73677	176.20989	397.36027	459.72913	1.569915	1.7191228	1.8256057	1.7977702	1.1258719	1.1531665	1.6215039	1.5589859	44.835748	27.192332	108.38412	25.532984	4.413145	1.6880656
418.50	1.747699	924.85125	178.8213	398.2144	459.9319	1.5719152	1.7193883	1.8390062	1.821037	1.1274064	1.1550397	1.6311829	1.5766013	44.774159	27.354784	107.7107	25.75118	4.4239946	1.7142835
419.00	1.764107	920.90641	181.49287	399.07246	460.12866	1.5739218	1.7196407	1.8530585	1.8455846	1.1289724	1.1569409	1.6413675	1.5952281	44.713299	27.521089	107.03658	25.974508	4.4359295	1.7418697
419.50	1.780638	916.89967	184.22726	399.93459	460.31915	1.5759353	1.7198794	1.8678166	1.8715214	1.1305712	1.1588712	1.6520999	1.614952	44.653229	27.691449	106.36155	26.203193	4.4490367	1.7709379
420.00	1.797294	912.82825	187.02732	400.80096	460.5031	1.5779559	1.7201039	1.8833402	1.8989686	1.1322045	1.1608322	1.6634275	1.6358683	44.594015	27.86608	105.68539	26.437477	4.4634137	1.8016146
420.50	1.814075	908.68915	189.89611	401.67173	460.68021	1.5799841	1.7203134	1.8996965	1.9280613	1.1338741	1.1628251	1.6754034	1.6580836	44.535734	28.045218	105.00788	26.67762	4.4791693	1.8340412
421.00	1.830982	904.47916	192.83693	402.54709	460.85016	1.5820202	1.7205073	1.9169607	1.9589511	1.1355817	1.1648516	1.688087	1.6817173	44.47847	28.22912	104.32876	26.923902	4.4964257	1.8683759
421.50	1.848017	900.1948	195.85335	403.42722	461.01261	1.5840648	1.7206849	1.9352176	1.9918087	1.1373294	1.1669133	1.7015454	1.7069038	44.422317	28.418063	103.64777	27.176624	4.5153204	1.9047968
422.00	1.865180	895.83231	198.94921	404.31235	461.16721	1.5861181	1.7208453	1.954563	2.0268266	1.1391193	1.1690119	1.7158546	1.7337947	44.367381	28.612355	102.96462	27.436113	4.5360089	1.9435047
422.50	1.882473	891.38759	202.12869	405.2027	461.31354	1.5881809	1.7209876	1.9751056	2.0642231	1.1409536	1.1711493	1.7311007	1.7625618	44.313782	28.81233	102.27899	27.702722	4.5586676	1.9847266
423.00	1.899897	886.85622	205.39635	406.09852	461.45118	1.5902536	1.7211109	1.9969694	2.1042463	1.1428351	1.1733276	1.747382	1.7934004	44.261656	29.018358	101.59053	27.976833	4.5834974	2.0287209
423.50	1.917452	882.23333	208.75714	407.00008	461.57967	1.5923368	1.7212142	2.0202962	2.1471797	1.1447662	1.175549	1.7648112	1.8265336	44.211157	29.230845	100.89888	28.258866	4.6107283	2.0757821
424.00	1.935141	877.51363	212.21649	407.90768	461.69849	1.5944312	1.7212963	2.0452492	2.1933488	1.1467501	1.1778158	1.7835178	1.8622172	44.162457	29.450245	100.20362	28.549277	4.6406246	2.1262479
424.50	1.952963	872.69129	215.78034	408.82165	461.80709	1.5965375	1.7213559	2.0720168	2.2431287	1.1487899	1.1801306	1.8036516	1.9007461	44.115755	29.677061	99.50431	28.848566	4.6734915	2.1805072
425.00	1.970922	867.7599	219.45525	409.74235	461.90485	1.5986565	1.7213918	2.1008184	2.2969542	1.1508892	1.1824962	1.8253871	1.9424622	44.071277	29.911856	98.80044	29.157283	4.7096838	2.2390099
425.50	1.989016	862.71236	223.24847	410.67017	461.99111	1.6007891	1.7214024	2.1319101	2.355332	1.1530519	1.1849156	1.8489281	1.9877635	44.02928	30.155262	98.09146	29.476036	4.7496159	2.3022798
426.00	2.007249	857.54079	227.16803	411.60556	462.06511	1.6029364	1.7213861	2.1655934	2.4188563	1.1552823	1.1873921	1.8745145	2.0371167	43.99006	30.407993	97.376755	29.805498	4.7937751	2.3709298
426.50	2.025622	852.2364	231.2229	412.54901	462.12605	1.6050994	1.7213409	2.2022255	2.4882284	1.1575851	1.1899294	1.9024308	2.0910723	43.953955	30.670861	96.655636	30.146419	4.8427384	2.4456821
427.00	2.044135	846.78934	235.4231	413.50107	462.17299	1.6072792	1.721265	2.2422328	2.5642818	1.1599655	1.1925314	1.9330167	2.1502845	43.921354	30.944791	95.927326	30.499635	4.8971942	2.5273934
427.50	2.062791	841.18853	239.77992	414.46237	462.2049	1.6094775	1.7211559	2.2861283	2.6480147	1.1624296	1.1952025	1.966681	2.2155364	43.892701	31.230847	95.190945	30.86609	4.9579703	2.6170876
428.00	2.081590	835.4214	244.30615	415.43362	462.22063	1.6116956	1.7210111	2.3345347	2.7406333	1.1649839	1.1979477	2.0039201	2.2877738	43.868511	31.530263	94.445492	31.246847	5.0260716	2.7159986
428.50	2.100535	829.47361	249.01635	416.41561	462.21886	1.6139355	1.7208276	2.3882156	2.8436079	1.1676359	1.2007723	2.0453428	2.3681492	43.849372	31.844477	93.689818	31.643118	5.1027296	2.8256272
429.00	2.119628	823.32872	253.92722	417.40929	462.19807	1.6161993	1.720602	2.4481175	2.95875	1.170394	1.2036824	2.0917037	2.4580819	43.83596	32.175182	92.922594	32.05629	5.1894706	2.9478169
429.50	2.138869	816.9677	259.05804	418.41571	462.15655	1.6184892	1.7203305	2.5154272	3.0883167	1.173268	1.2066849	2.1439493	2.5593398	43.829054	32.524391	92.142272	32.487963	5.2882084	3.0848577
430.00	2.158262	810.36833	264.43131	419.43615	462.09228	1.6208082	1.7200086	2.5916535	3.2351569	1.1762691	1.2097875	2.2032829	2.674153	43.829547	32.894522	91.347032	32.940002	5.4013759	3.2396298
430.50	2.177807	803.50444	270.07351	420.47207	462.00292	1.6231597	1.7196309	2.6787437	3.402918	1.1794102	1.2129991	2.271257	2.8053756	43.838466	33.288514	90.534713	33.414598	5.5321117	3.4158069
431.00	2.197508	796.34487	276.01613	421.52526	461.88568	1.6255475	1.7191912	2.7792536	3.596347	1.1827067	1.2163298	2.3499094	2.9567202	43.857001	33.709994	89.702716	33.914354	5.6845335	3.6181491
431.50	2.217366	788.85199	282.29712	422.59786	461.73722	1.6279766	1.7186819	2.8966041	3.8217375	1.1861766	1.2197916	2.441967	3.133107	43.886544	34.163501	88.847876	34.442404	5.8641465	3.8529373
432.00	2.237385	780.97978	288.96287	423.69249	461.5535	1.6304529	1.7180941	3.0354781	4.0876155	1.1898418	1.2233983	2.551161	3.3411977	43.928758	34.654827	87.966285	35.002575	6.0784721	4.1286331
432.50	2.257566	772.67093	296.07102	424.81245	461.32951	1.6329837	1.7174162	3.2024552	4.4058238	1.1937291	1.2271664	2.682732	3.5902415	43.985698	35.191516	87.053025	35.599617	6.3380467	4.4569162
433.00	2.277913	763.8527	303.69468	425.96192	461.05893	1.6355787	1.7166342	3.4070705	4.7933073	1.1978714	1.2311161	2.8442707	3.893465	44.060044	35.783646	86.101786	36.23955	6.65807	4.8543767
433.50	2.298429	754.43049	311.92875	427.14637	460.73363	1.6382502	1.7157295	3.663664	5.2751893	1.2023111	1.2352718	3.0471848	4.2704684	44.155536	36.445093	85.10427	36.930185	7.061254	5.3454032
434.00	2.319119	744.27767	320.90012	428.37317	460.3428	1.6410149	1.7146777	3.9948007	5.8903751	1.2071031	1.2396646	3.3094114	4.7515877	44.277834	37.195676	84.049221	37.681958	7.5830242	5.9673837
434.50	2.339986	733.21846	330.78466	429.65259	459.87159	1.6438961	1.713445	4.4380602	6.7024889	1.2123216	1.2443343	3.6607945	5.3864053	44.436256	38.065042	82.920862	38.50933	8.2817009	6.780719
435.00	2.361036	720.99724	341.83781	430.99969	459.29858	1.6469281	1.711983	5.0607773	7.8231638	1.218071	1.2493343	4.1547474	6.2618661	44.647506	39.100265	81.6959	39.433301	9.2601982	7.8897974
435.50	2.382276	707.21847	354.45435	432.43795	458.59105	1.6501642	1.7102172	5.9960564	9.467692	1.2245065	1.2547388	4.8967126	7.5455482	44.944367	40.382304	80.337796	40.486337	10.717916	9.4920826
436.00	2.403713	691.2142	369.30027	434.00742	457.69436	1.6536956	1.7080234	7.5464506	12.111028	1.2318777	1.2606577	6.125974	9.6069121	45.398926	42.067093	78.783929	41.723238	13.095883	12.012033
436.50	2.425360	671.69645	387.65874	435.78633	456.50484	1.6577005	1.7051656	10.566215	17.044113	1.240636	1.2672666	8.5167729	13.449509	46.199318	44.512269	76.911586	43.249717	17.590397	16.560672
437.00	2.447234	645.53548	412.64663	437.96814	454.77549	1.6626199	1.7010807	18.637177	29.397509	1.2517808	1.2748776	14.888531	23.059082	48.018848	48.83933	74.417229	45.323107	28.882973	27.281013
